engine,track,schema_id,workload,input,sample_index,operation_count,total_us,us_per_operation,before_working_set_bytes,after_ready_working_set_bytes,after_finalize_working_set_bytes,peak_working_set_bytes,before_private_bytes,after_ready_private_bytes,after_finalize_private_bytes,private_bytes,pagefile_bytes,peak_pagefile_bytes
librime-1.17.0,track-a-comparison,luna_pinyin,startup_warm_shared_assets_runtime_ready,,0,1,40978.500,40978.500,7008256,10641408,9961472,11591680,1617920,3461120,3252224,3461120,3461120,5627904
librime-1.17.0,track-a-comparison,luna_pinyin,startup_warm_shared_assets_runtime_ready,,1,1,28736.500,28736.500,9965568,10936320,10117120,13369344,3252224,3809280,3092480,3809280,3809280,6144000
librime-1.17.0,track-a-comparison,luna_pinyin,startup_warm_shared_assets_runtime_ready,,2,1,23627.000,23627.000,10117120,10924032,10121216,13410304,3092480,3780608,2826240,3780608,3780608,6164480
librime-1.17.0,track-a-comparison,luna_pinyin,startup_warm_shared_assets_runtime_ready,,3,1,42597.700,42597.700,10121216,10948608,10137600,13410304,2826240,3829760,3129344,3829760,3829760,6164480
librime-1.17.0,track-a-comparison,luna_pinyin,startup_warm_shared_assets_runtime_ready,,4,1,21906.300,21906.300,10137600,10993664,10133504,13459456,3129344,3895296,2846720,3895296,3895296,6230016
librime-1.17.0,track-a-comparison,luna_pinyin,startup_warm_shared_assets_runtime_ready,,5,1,45947.400,45947.400,10133504,10997760,10117120,13459456,2871296,3874816,2818048,3874816,3874816,6234112
librime-1.17.0,track-a-comparison,luna_pinyin,startup_warm_shared_assets_runtime_ready,,6,1,26510.800,26510.800,10117120,10997760,10117120,13484032,2818048,3903488,2818048,3903488,3903488,6234112
librime-1.17.0,track-a-comparison,luna_pinyin,startup_warm_shared_assets_runtime_ready,,7,1,41423.900,41423.900,10117120,10973184,10104832,13484032,2818048,3870720,2805760,3870720,3870720,6234112
librime-1.17.0,track-a-comparison,luna_pinyin,startup_warm_shared_assets_runtime_ready,,8,1,21618.000,21618.000,10104832,11001856,10113024,13484032,2805760,3862528,2809856,3862528,3862528,6234112
librime-1.17.0,track-a-comparison,luna_pinyin,session_create_select_destroy,,0,1,33477.100,33477.100,10117120,10387456,unavailable,13484032,2813952,3125248,unavailable,3125248,3125248,6234112
librime-1.17.0,track-a-comparison,luna_pinyin,session_create_select_destroy,,1,1,24498.600,24498.600,10387456,10334208,unavailable,13508608,3125248,3031040,unavailable,3031040,3031040,6299648
librime-1.17.0,track-a-comparison,luna_pinyin,session_create_select_destroy,,2,1,37295.100,37295.100,10334208,10338304,unavailable,13508608,3031040,3055616,unavailable,3055616,3055616,6299648
librime-1.17.0,track-a-comparison,luna_pinyin,session_create_select_destroy,,3,1,24248.700,24248.700,10338304,10432512,unavailable,13508608,3055616,3489792,unavailable,3489792,3489792,6303744
librime-1.17.0,track-a-comparison,luna_pinyin,session_create_select_destroy,,4,1,61670.600,61670.600,10432512,10342400,unavailable,13508608,3489792,3280896,unavailable,3280896,3280896,6303744
librime-1.17.0,track-a-comparison,luna_pinyin,session_create_select_destroy,,5,1,27411.800,27411.800,10342400,10440704,unavailable,13508608,3280896,3407872,unavailable,3407872,3407872,6303744
librime-1.17.0,track-a-comparison,luna_pinyin,session_create_select_destroy,,6,1,54657.400,54657.400,10440704,10461184,unavailable,13508608,3407872,3293184,unavailable,3293184,3293184,6303744
librime-1.17.0,track-a-comparison,luna_pinyin,session_create_select_destroy,,7,1,22031.200,22031.200,10461184,10457088,unavailable,13508608,3293184,3399680,unavailable,3399680,3399680,6303744
librime-1.17.0,track-a-comparison,luna_pinyin,session_create_select_destroy,,8,1,51900.900,51900.900,10461184,10571776,unavailable,13541376,3420160,3596288,unavailable,3596288,3596288,6373376
librime-1.17.0,track-a-comparison,luna_pinyin,session_create_select_destroy,,9,1,23369.500,23369.500,10571776,10432512,unavailable,13541376,3596288,3149824,unavailable,3149824,3149824,6373376
librime-1.17.0,track-a-comparison,luna_pinyin,session_create_select_destroy,,10,1,52775.700,52775.700,10432512,10498048,unavailable,13541376,3149824,3403776,unavailable,3403776,3403776,6373376
librime-1.17.0,track-a-comparison,luna_pinyin,session_create_select_destroy,,11,1,27126.800,27126.800,10498048,10563584,unavailable,13541376,3403776,3592192,unavailable,3592192,3592192,6373376
librime-1.17.0,track-a-comparison,luna_pinyin,session_create_select_destroy,,12,1,24238.800,24238.800,10563584,10506240,unavailable,13541376,3592192,3772416,unavailable,3772416,3772416,6373376
librime-1.17.0,track-a-comparison,luna_pinyin,session_create_select_destroy,,13,1,29280.300,29280.300,10510336,10514432,unavailable,13541376,3772416,3530752,unavailable,3530752,3530752,6373376
librime-1.17.0,track-a-comparison,luna_pinyin,session_create_select_destroy,,14,1,24871.400,24871.400,10514432,10600448,unavailable,13541376,3530752,3829760,unavailable,3829760,3829760,6373376
librime-1.17.0,track-a-comparison,luna_pinyin,session_create_select_destroy,,15,1,27720.200,27720.200,10600448,10694656,unavailable,13541376,3829760,3645440,unavailable,3645440,3645440,6373376
librime-1.17.0,track-a-comparison,luna_pinyin,session_create_select_destroy,,16,1,24224.800,24224.800,10694656,10653696,unavailable,13541376,3645440,3399680,unavailable,3399680,3399680,6373376
librime-1.17.0,track-a-comparison,luna_pinyin,session_create_select_destroy,,17,1,24671.900,24671.900,10653696,10604544,unavailable,13541376,3399680,3375104,unavailable,3375104,3375104,6443008
librime-1.17.0,track-a-comparison,luna_pinyin,session_create_select_destroy,,18,1,26989.500,26989.500,10604544,10596352,unavailable,13541376,3375104,3399680,unavailable,3399680,3399680,6443008
librime-1.17.0,track-a-comparison,luna_pinyin,session_create_select_destroy,,19,1,24859.500,24859.500,10596352,10539008,unavailable,13541376,3399680,3534848,unavailable,3534848,3534848,6443008
librime-1.17.0,track-a-comparison,luna_pinyin,session_create_select_destroy,,20,1,24125.100,24125.100,10539008,10584064,unavailable,13541376,3534848,3567616,unavailable,3567616,3567616,6443008
librime-1.17.0,track-a-comparison,luna_pinyin,session_create_select_destroy,,21,1,23636.200,23636.200,10584064,10600448,unavailable,13606912,3567616,3477504,unavailable,3477504,3477504,6443008
librime-1.17.0,track-a-comparison,luna_pinyin,session_create_select_destroy,,22,1,27115.200,27115.200,10600448,10596352,unavailable,13606912,3477504,3399680,unavailable,3399680,3399680,6443008
librime-1.17.0,track-a-comparison,luna_pinyin,session_create_select_destroy,,23,1,23699.500,23699.500,10596352,10665984,unavailable,13606912,3399680,3907584,unavailable,3907584,3907584,6443008
librime-1.17.0,track-a-comparison,luna_pinyin,session_create_select_destroy,,24,1,27526.400,27526.400,10678272,10465280,unavailable,13606912,3932160,3432448,unavailable,3432448,3432448,6443008
librime-1.17.0,track-a-comparison,luna_pinyin,session_create_select_destroy,,25,1,26291.400,26291.400,10465280,10596352,unavailable,13606912,3432448,3457024,unavailable,3457024,3457024,6443008
librime-1.17.0,track-a-comparison,luna_pinyin,session_create_select_destroy,,26,1,22856.800,22856.800,10596352,10600448,unavailable,13606912,3457024,3452928,unavailable,3452928,3452928,6443008
librime-1.17.0,track-a-comparison,luna_pinyin,session_create_select_destroy,,27,1,22210.300,22210.300,10604544,10596352,unavailable,13606912,3452928,3371008,unavailable,3371008,3371008,6443008
librime-1.17.0,track-a-comparison,luna_pinyin,session_create_select_destroy,,28,1,25050.100,25050.100,10596352,10620928,unavailable,13606912,3371008,3592192,unavailable,3592192,3592192,6443008
librime-1.17.0,track-a-comparison,luna_pinyin,session_create_select_destroy,,29,1,27155.300,27155.300,10620928,10612736,unavailable,13606912,3592192,3543040,unavailable,3543040,3543040,6443008
librime-1.17.0,track-a-comparison,luna_pinyin,session_create_select_destroy,,30,1,24556.700,24556.700,10612736,10706944,unavailable,13606912,3543040,3436544,unavailable,3436544,3436544,6443008
librime-1.17.0,track-a-comparison,luna_pinyin,session_create_select_destroy,,31,1,21806.200,21806.200,10706944,10682368,unavailable,13606912,3436544,3448832,unavailable,3448832,3448832,6443008
librime-1.17.0,track-a-comparison,luna_pinyin,session_create_select_destroy,,32,1,22670.300,22670.300,10682368,10690560,unavailable,13606912,3448832,3694592,unavailable,3694592,3694592,6443008
librime-1.17.0,track-a-comparison,luna_pinyin,session_create_select_destroy,,33,1,22630.400,22630.400,10690560,10665984,unavailable,13606912,3694592,3395584,unavailable,3395584,3395584,6508544
librime-1.17.0,track-a-comparison,luna_pinyin,session_create_select_destroy,,34,1,21919.500,21919.500,10665984,10768384,unavailable,13606912,3395584,3756032,unavailable,3756032,3756032,6512640
librime-1.17.0,track-a-comparison,luna_pinyin,session_create_select_destroy,,35,1,27640.200,27640.200,10768384,10629120,unavailable,13606912,3756032,3354624,unavailable,3354624,3354624,6512640
librime-1.17.0,track-a-comparison,luna_pinyin,session_create_select_destroy,,36,1,27014.500,27014.500,10633216,10625024,unavailable,13606912,3354624,3350528,unavailable,3350528,3350528,6512640
librime-1.17.0,track-a-comparison,luna_pinyin,session_create_select_destroy,,37,1,22228.500,22228.500,10625024,10764288,unavailable,13623296,3350528,3928064,unavailable,3928064,3928064,6512640
librime-1.17.0,track-a-comparison,luna_pinyin,session_create_select_destroy,,38,1,23777.600,23777.600,10764288,10788864,unavailable,13623296,3928064,3768320,unavailable,3768320,3768320,6512640
librime-1.17.0,track-a-comparison,luna_pinyin,session_create_select_destroy,,39,1,26663.300,26663.300,10788864,10702848,unavailable,13623296,3768320,3489792,unavailable,3489792,3489792,6512640
librime-1.17.0,track-a-comparison,luna_pinyin,session_create_select_destroy,,40,1,25121.300,25121.300,10702848,10686464,unavailable,13623296,3489792,3629056,unavailable,3629056,3629056,6512640
librime-1.17.0,track-a-comparison,luna_pinyin,session_create_select_destroy,,41,1,22996.900,22996.900,10686464,10743808,unavailable,13623296,3629056,3706880,unavailable,3706880,3706880,6512640
librime-1.17.0,track-a-comparison,luna_pinyin,session_create_select_destroy,,42,1,23686.500,23686.500,10743808,10690560,unavailable,13623296,3706880,3538944,unavailable,3538944,3538944,6512640
librime-1.17.0,track-a-comparison,luna_pinyin,session_create_select_destroy,,43,1,23522.200,23522.200,10690560,10588160,unavailable,13623296,3538944,3305472,unavailable,3305472,3305472,6512640
librime-1.17.0,track-a-comparison,luna_pinyin,session_create_select_destroy,,44,1,27201.700,27201.700,10588160,10752000,unavailable,13623296,3305472,3743744,unavailable,3743744,3743744,6512640
librime-1.17.0,track-a-comparison,luna_pinyin,session_create_select_destroy,,45,1,26264.800,26264.800,10756096,10678272,unavailable,13623296,3743744,3739648,unavailable,3739648,3739648,6512640
librime-1.17.0,track-a-comparison,luna_pinyin,session_create_select_destroy,,46,1,22993.500,22993.500,10678272,10747904,unavailable,13623296,3739648,3887104,unavailable,3887104,3887104,6512640
librime-1.17.0,track-a-comparison,luna_pinyin,session_create_select_destroy,,47,1,23105.100,23105.100,10747904,10752000,unavailable,13623296,3887104,3514368,unavailable,3514368,3514368,6512640
librime-1.17.0,track-a-comparison,luna_pinyin,session_create_select_destroy,,48,1,23644.900,23644.900,10752000,10690560,unavailable,13623296,3514368,3399680,unavailable,3399680,3399680,6512640
librime-1.17.0,track-a-comparison,luna_pinyin,session_create_select_destroy,,49,1,26425.600,26425.600,10690560,10735616,unavailable,13623296,3399680,3502080,unavailable,3502080,3502080,6512640
librime-1.17.0,track-a-comparison,luna_pinyin,session_create_select_destroy,,50,1,26813.300,26813.300,10735616,10756096,unavailable,13623296,3502080,3760128,unavailable,3760128,3760128,6512640
librime-1.17.0,track-a-comparison,luna_pinyin,session_create_select_destroy,,51,1,22315.600,22315.600,10756096,10854400,unavailable,13623296,3760128,3862528,unavailable,3862528,3862528,6512640
librime-1.17.0,track-a-comparison,luna_pinyin,session_create_select_destroy,,52,1,29405.400,29405.400,10854400,10686464,unavailable,13623296,3862528,3411968,unavailable,3411968,3411968,6512640
librime-1.17.0,track-a-comparison,luna_pinyin,session_create_select_destroy,,53,1,23414.100,23414.100,10686464,10612736,unavailable,13623296,3411968,3387392,unavailable,3387392,3387392,6512640
librime-1.17.0,track-a-comparison,luna_pinyin,session_create_select_destroy,,54,1,23988.400,23988.400,10612736,10768384,unavailable,13623296,3387392,3547136,unavailable,3547136,3547136,6512640
librime-1.17.0,track-a-comparison,luna_pinyin,session_create_select_destroy,,55,1,27734.700,27734.700,10768384,10768384,unavailable,13623296,3547136,3485696,unavailable,3485696,3485696,6512640
librime-1.17.0,track-a-comparison,luna_pinyin,session_create_select_destroy,,56,1,26559.900,26559.900,10772480,10764288,unavailable,13623296,3551232,3858432,unavailable,3858432,3858432,6512640
librime-1.17.0,track-a-comparison,luna_pinyin,session_create_select_destroy,,57,1,27314.500,27314.500,10764288,10846208,unavailable,13623296,3858432,3784704,unavailable,3784704,3784704,6512640
librime-1.17.0,track-a-comparison,luna_pinyin,session_create_select_destroy,,58,1,23763.100,23763.100,10846208,10780672,unavailable,13623296,3784704,3796992,unavailable,3796992,3796992,6512640
librime-1.17.0,track-a-comparison,luna_pinyin,session_create_select_destroy,,59,1,24004.300,24004.300,10780672,10715136,unavailable,13676544,3796992,3465216,unavailable,3465216,3465216,6512640
librime-1.17.0,track-a-comparison,luna_pinyin,key_sequence_process_with_context,n,0,1,23.200,23.200,11776000,11780096,unavailable,13676544,4579328,4579328,unavailable,4579328,4579328,6512640
librime-1.17.0,track-a-comparison,luna_pinyin,key_sequence_process_with_context,n,1,1,22.100,22.100,11780096,11780096,unavailable,13676544,4579328,4579328,unavailable,4579328,4579328,6512640
librime-1.17.0,track-a-comparison,luna_pinyin,key_sequence_process_with_context,n,2,1,21.900,21.900,11780096,11780096,unavailable,13676544,4579328,4579328,unavailable,4579328,4579328,6512640
librime-1.17.0,track-a-comparison,luna_pinyin,key_sequence_process_with_context,n,3,1,21.700,21.700,11784192,11784192,unavailable,13676544,4579328,4579328,unavailable,4579328,4579328,6512640
librime-1.17.0,track-a-comparison,luna_pinyin,key_sequence_process_with_context,n,4,1,21.600,21.600,11784192,11784192,unavailable,13676544,4579328,4579328,unavailable,4579328,4579328,6512640
librime-1.17.0,track-a-comparison,luna_pinyin,key_sequence_process_with_context,n,5,1,21.600,21.600,11784192,11784192,unavailable,13676544,4579328,4579328,unavailable,4579328,4579328,6512640
librime-1.17.0,track-a-comparison,luna_pinyin,key_sequence_process_with_context,n,6,1,21.300,21.300,11784192,11784192,unavailable,13676544,4579328,4579328,unavailable,4579328,4579328,6512640
librime-1.17.0,track-a-comparison,luna_pinyin,key_sequence_process_with_context,n,7,1,21.100,21.100,11784192,11784192,unavailable,13676544,4579328,4579328,unavailable,4579328,4579328,6512640
librime-1.17.0,track-a-comparison,luna_pinyin,key_sequence_process_with_context,n,8,1,21.100,21.100,11784192,11784192,unavailable,13676544,4579328,4579328,unavailable,4579328,4579328,6512640
librime-1.17.0,track-a-comparison,luna_pinyin,key_sequence_process_with_context,n,9,1,21.200,21.200,11784192,11784192,unavailable,13676544,4579328,4579328,unavailable,4579328,4579328,6512640
librime-1.17.0,track-a-comparison,luna_pinyin,key_sequence_process_with_context,n,10,1,21.200,21.200,11784192,11784192,unavailable,13676544,4579328,4579328,unavailable,4579328,4579328,6512640
librime-1.17.0,track-a-comparison,luna_pinyin,key_sequence_process_with_context,n,11,1,21.100,21.100,11784192,11784192,unavailable,13676544,4579328,4579328,unavailable,4579328,4579328,6512640
librime-1.17.0,track-a-comparison,luna_pinyin,key_sequence_process_with_context,n,12,1,20.900,20.900,11788288,11788288,unavailable,13676544,4579328,4579328,unavailable,4579328,4579328,6512640
librime-1.17.0,track-a-comparison,luna_pinyin,key_sequence_process_with_context,n,13,1,21.300,21.300,11788288,11788288,unavailable,13676544,4579328,4579328,unavailable,4579328,4579328,6512640
librime-1.17.0,track-a-comparison,luna_pinyin,key_sequence_process_with_context,n,14,1,21.200,21.200,11788288,11788288,unavailable,13676544,4579328,4579328,unavailable,4579328,4579328,6512640
librime-1.17.0,track-a-comparison,luna_pinyin,key_sequence_process_with_context,n,15,1,21.100,21.100,11788288,11788288,unavailable,13676544,4579328,4579328,unavailable,4579328,4579328,6512640
librime-1.17.0,track-a-comparison,luna_pinyin,key_sequence_process_with_context,n,16,1,21.000,21.000,11788288,11788288,unavailable,13676544,4579328,4579328,unavailable,4579328,4579328,6512640
librime-1.17.0,track-a-comparison,luna_pinyin,key_sequence_process_with_context,n,17,1,21.500,21.500,11788288,11788288,unavailable,13676544,4579328,4579328,unavailable,4579328,4579328,6512640
librime-1.17.0,track-a-comparison,luna_pinyin,key_sequence_process_with_context,n,18,1,21.200,21.200,11788288,11788288,unavailable,13676544,4579328,4579328,unavailable,4579328,4579328,6512640
librime-1.17.0,track-a-comparison,luna_pinyin,key_sequence_process_with_context,n,19,1,21.000,21.000,11788288,11788288,unavailable,13676544,4579328,4579328,unavailable,4579328,4579328,6512640
librime-1.17.0,track-a-comparison,luna_pinyin,key_sequence_process_with_context,n,20,1,22.100,22.100,11788288,11788288,unavailable,13676544,4579328,4579328,unavailable,4579328,4579328,6512640
librime-1.17.0,track-a-comparison,luna_pinyin,key_sequence_process_with_context,n,21,1,21.000,21.000,11792384,11792384,unavailable,13676544,4579328,4579328,unavailable,4579328,4579328,6512640
librime-1.17.0,track-a-comparison,luna_pinyin,key_sequence_process_with_context,n,22,1,21.000,21.000,11792384,11792384,unavailable,13676544,4579328,4579328,unavailable,4579328,4579328,6512640
librime-1.17.0,track-a-comparison,luna_pinyin,key_sequence_process_with_context,n,23,1,20.900,20.900,11792384,11792384,unavailable,13676544,4579328,4579328,unavailable,4579328,4579328,6512640
librime-1.17.0,track-a-comparison,luna_pinyin,key_sequence_process_with_context,n,24,1,21.000,21.000,11792384,11792384,unavailable,13676544,4579328,4579328,unavailable,4579328,4579328,6512640
librime-1.17.0,track-a-comparison,luna_pinyin,key_sequence_process_with_context,n,25,1,21.000,21.000,11792384,11792384,unavailable,13676544,4579328,4579328,unavailable,4579328,4579328,6512640
librime-1.17.0,track-a-comparison,luna_pinyin,key_sequence_process_with_context,n,26,1,21.200,21.200,11792384,11792384,unavailable,13676544,4579328,4579328,unavailable,4579328,4579328,6512640
librime-1.17.0,track-a-comparison,luna_pinyin,key_sequence_process_with_context,n,27,1,21.300,21.300,11792384,11792384,unavailable,13676544,4579328,4579328,unavailable,4579328,4579328,6512640
librime-1.17.0,track-a-comparison,luna_pinyin,key_sequence_process_with_context,n,28,1,21.100,21.100,11792384,11792384,unavailable,13676544,4579328,4579328,unavailable,4579328,4579328,6512640
librime-1.17.0,track-a-comparison,luna_pinyin,key_sequence_process_with_context,n,29,1,21.200,21.200,11792384,11792384,unavailable,13676544,4579328,4579328,unavailable,4579328,4579328,6512640
librime-1.17.0,track-a-comparison,luna_pinyin,key_sequence_process_with_context,n,30,1,21.200,21.200,11796480,11796480,unavailable,13676544,4579328,4579328,unavailable,4579328,4579328,6512640
librime-1.17.0,track-a-comparison,luna_pinyin,key_sequence_process_with_context,n,31,1,21.100,21.100,11796480,11796480,unavailable,13676544,4579328,4579328,unavailable,4579328,4579328,6512640
librime-1.17.0,track-a-comparison,luna_pinyin,key_sequence_process_with_context,n,32,1,21.100,21.100,11796480,11796480,unavailable,13676544,4579328,4579328,unavailable,4579328,4579328,6512640
librime-1.17.0,track-a-comparison,luna_pinyin,key_sequence_process_with_context,n,33,1,21.000,21.000,11796480,11796480,unavailable,13676544,4579328,4579328,unavailable,4579328,4579328,6512640
librime-1.17.0,track-a-comparison,luna_pinyin,key_sequence_process_with_context,n,34,1,21.400,21.400,11796480,11796480,unavailable,13676544,4579328,4579328,unavailable,4579328,4579328,6512640
librime-1.17.0,track-a-comparison,luna_pinyin,key_sequence_process_with_context,n,35,1,21.100,21.100,11796480,11796480,unavailable,13676544,4579328,4579328,unavailable,4579328,4579328,6512640
librime-1.17.0,track-a-comparison,luna_pinyin,key_sequence_process_with_context,n,36,1,21.200,21.200,11796480,11796480,unavailable,13676544,4579328,4579328,unavailable,4579328,4579328,6512640
librime-1.17.0,track-a-comparison,luna_pinyin,key_sequence_process_with_context,n,37,1,80.300,80.300,11796480,11796480,unavailable,13676544,4579328,4579328,unavailable,4579328,4579328,6512640
librime-1.17.0,track-a-comparison,luna_pinyin,key_sequence_process_with_context,n,38,1,30.100,30.100,11796480,11796480,unavailable,13676544,4579328,4579328,unavailable,4579328,4579328,6512640
librime-1.17.0,track-a-comparison,luna_pinyin,key_sequence_process_with_context,n,39,1,23.400,23.400,11800576,11800576,unavailable,13676544,4579328,4579328,unavailable,4579328,4579328,6512640
librime-1.17.0,track-a-comparison,luna_pinyin,key_sequence_process_with_context,n,40,1,22.400,22.400,11800576,11800576,unavailable,13676544,4579328,4579328,unavailable,4579328,4579328,6512640
librime-1.17.0,track-a-comparison,luna_pinyin,key_sequence_process_with_context,n,41,1,21.900,21.900,11800576,11800576,unavailable,13676544,4579328,4579328,unavailable,4579328,4579328,6512640
librime-1.17.0,track-a-comparison,luna_pinyin,key_sequence_process_with_context,n,42,1,22.000,22.000,11800576,11800576,unavailable,13676544,4579328,4579328,unavailable,4579328,4579328,6512640
librime-1.17.0,track-a-comparison,luna_pinyin,key_sequence_process_with_context,n,43,1,21.700,21.700,11800576,11800576,unavailable,13676544,4579328,4579328,unavailable,4579328,4579328,6512640
librime-1.17.0,track-a-comparison,luna_pinyin,key_sequence_process_with_context,n,44,1,21.400,21.400,11800576,11800576,unavailable,13676544,4579328,4579328,unavailable,4579328,4579328,6512640
librime-1.17.0,track-a-comparison,luna_pinyin,key_sequence_process_with_context,n,45,1,21.500,21.500,11800576,11800576,unavailable,13676544,4579328,4579328,unavailable,4579328,4579328,6512640
librime-1.17.0,track-a-comparison,luna_pinyin,key_sequence_process_with_context,n,46,1,21.300,21.300,11800576,11800576,unavailable,13676544,4579328,4579328,unavailable,4579328,4579328,6512640
librime-1.17.0,track-a-comparison,luna_pinyin,key_sequence_process_with_context,n,47,1,21.400,21.400,11800576,11800576,unavailable,13676544,4579328,4579328,unavailable,4579328,4579328,6512640
librime-1.17.0,track-a-comparison,luna_pinyin,key_sequence_process_with_context,n,48,1,21.500,21.500,11804672,11804672,unavailable,13676544,4579328,4579328,unavailable,4579328,4579328,6512640
librime-1.17.0,track-a-comparison,luna_pinyin,key_sequence_process_with_context,n,49,1,21.900,21.900,11804672,11804672,unavailable,13676544,4579328,4579328,unavailable,4579328,4579328,6512640
librime-1.17.0,track-a-comparison,luna_pinyin,key_sequence_process_with_context,n,50,1,21.700,21.700,11804672,11804672,unavailable,13676544,4579328,4579328,unavailable,4579328,4579328,6512640
librime-1.17.0,track-a-comparison,luna_pinyin,key_sequence_process_with_context,n,51,1,21.400,21.400,11804672,11804672,unavailable,13676544,4579328,4579328,unavailable,4579328,4579328,6512640
librime-1.17.0,track-a-comparison,luna_pinyin,key_sequence_process_with_context,n,52,1,21.200,21.200,11804672,11804672,unavailable,13676544,4579328,4579328,unavailable,4579328,4579328,6512640
librime-1.17.0,track-a-comparison,luna_pinyin,key_sequence_process_with_context,n,53,1,21.100,21.100,11804672,11804672,unavailable,13676544,4579328,4579328,unavailable,4579328,4579328,6512640
librime-1.17.0,track-a-comparison,luna_pinyin,key_sequence_process_with_context,n,54,1,21.200,21.200,11804672,11804672,unavailable,13676544,4579328,4579328,unavailable,4579328,4579328,6512640
librime-1.17.0,track-a-comparison,luna_pinyin,key_sequence_process_with_context,n,55,1,21.100,21.100,11804672,11804672,unavailable,13676544,4579328,4579328,unavailable,4579328,4579328,6512640
librime-1.17.0,track-a-comparison,luna_pinyin,key_sequence_process_with_context,n,56,1,21.000,21.000,11804672,11804672,unavailable,13676544,4579328,4579328,unavailable,4579328,4579328,6512640
librime-1.17.0,track-a-comparison,luna_pinyin,key_sequence_process_with_context,n,57,1,21.100,21.100,11804672,11804672,unavailable,13676544,4579328,4579328,unavailable,4579328,4579328,6512640
librime-1.17.0,track-a-comparison,luna_pinyin,key_sequence_process_with_context,n,58,1,21.100,21.100,11804672,11804672,unavailable,13676544,4579328,4579328,unavailable,4579328,4579328,6512640
librime-1.17.0,track-a-comparison,luna_pinyin,key_sequence_process_with_context,n,59,1,21.100,21.100,11804672,11804672,unavailable,13676544,4579328,4579328,unavailable,4579328,4579328,6512640
librime-1.17.0,track-a-comparison,luna_pinyin,key_sequence_process_with_context,n,60,1,21.400,21.400,11808768,11808768,unavailable,13676544,4640768,4640768,unavailable,4640768,4640768,6512640
librime-1.17.0,track-a-comparison,luna_pinyin,key_sequence_process_with_context,n,61,1,21.100,21.100,11808768,11808768,unavailable,13676544,4640768,4640768,unavailable,4640768,4640768,6512640
librime-1.17.0,track-a-comparison,luna_pinyin,key_sequence_process_with_context,n,62,1,21.100,21.100,11808768,11808768,unavailable,13676544,4640768,4640768,unavailable,4640768,4640768,6512640
librime-1.17.0,track-a-comparison,luna_pinyin,key_sequence_process_with_context,n,63,1,21.300,21.300,11808768,11808768,unavailable,13676544,4640768,4640768,unavailable,4640768,4640768,6512640
librime-1.17.0,track-a-comparison,luna_pinyin,key_sequence_process_with_context,n,64,1,21.300,21.300,11808768,11808768,unavailable,13676544,4640768,4640768,unavailable,4640768,4640768,6512640
librime-1.17.0,track-a-comparison,luna_pinyin,key_sequence_process_with_context,n,65,1,21.200,21.200,11808768,11808768,unavailable,13676544,4640768,4640768,unavailable,4640768,4640768,6512640
librime-1.17.0,track-a-comparison,luna_pinyin,key_sequence_process_with_context,n,66,1,21.300,21.300,11812864,11812864,unavailable,13676544,4640768,4640768,unavailable,4640768,4640768,6512640
librime-1.17.0,track-a-comparison,luna_pinyin,key_sequence_process_with_context,n,67,1,21.200,21.200,11812864,11812864,unavailable,13676544,4640768,4640768,unavailable,4640768,4640768,6512640
librime-1.17.0,track-a-comparison,luna_pinyin,key_sequence_process_with_context,n,68,1,21.100,21.100,11812864,11812864,unavailable,13676544,4640768,4640768,unavailable,4640768,4640768,6512640
librime-1.17.0,track-a-comparison,luna_pinyin,key_sequence_process_with_context,n,69,1,21.500,21.500,11812864,11812864,unavailable,13676544,4640768,4640768,unavailable,4640768,4640768,6512640
librime-1.17.0,track-a-comparison,luna_pinyin,key_sequence_process_with_context,n,70,1,21.700,21.700,11812864,11812864,unavailable,13676544,4640768,4640768,unavailable,4640768,4640768,6512640
librime-1.17.0,track-a-comparison,luna_pinyin,key_sequence_process_with_context,n,71,1,21.200,21.200,11812864,11812864,unavailable,13676544,4640768,4640768,unavailable,4640768,4640768,6512640
librime-1.17.0,track-a-comparison,luna_pinyin,key_sequence_process_with_context,n,72,1,21.100,21.100,11812864,11812864,unavailable,13676544,4640768,4640768,unavailable,4640768,4640768,6512640
librime-1.17.0,track-a-comparison,luna_pinyin,key_sequence_process_with_context,n,73,1,21.200,21.200,11812864,11812864,unavailable,13676544,4640768,4640768,unavailable,4640768,4640768,6512640
librime-1.17.0,track-a-comparison,luna_pinyin,key_sequence_process_with_context,n,74,1,21.300,21.300,11812864,11812864,unavailable,13676544,4640768,4640768,unavailable,4640768,4640768,6512640
librime-1.17.0,track-a-comparison,luna_pinyin,key_sequence_process_with_context,n,75,1,21.400,21.400,11816960,11816960,unavailable,13676544,4640768,4640768,unavailable,4640768,4640768,6512640
librime-1.17.0,track-a-comparison,luna_pinyin,key_sequence_process_with_context,n,76,1,21.000,21.000,11816960,11816960,unavailable,13676544,4640768,4640768,unavailable,4640768,4640768,6512640
librime-1.17.0,track-a-comparison,luna_pinyin,key_sequence_process_with_context,n,77,1,21.000,21.000,11816960,11816960,unavailable,13676544,4640768,4640768,unavailable,4640768,4640768,6512640
librime-1.17.0,track-a-comparison,luna_pinyin,key_sequence_process_with_context,n,78,1,21.000,21.000,11816960,11816960,unavailable,13676544,4640768,4640768,unavailable,4640768,4640768,6512640
librime-1.17.0,track-a-comparison,luna_pinyin,key_sequence_process_with_context,n,79,1,21.400,21.400,11816960,11816960,unavailable,13676544,4640768,4640768,unavailable,4640768,4640768,6512640
librime-1.17.0,track-a-comparison,luna_pinyin,key_sequence_process_with_context,ni,0,2,30.100,15.050,11841536,11841536,unavailable,13819904,4481024,4481024,unavailable,4481024,4481024,6512640
librime-1.17.0,track-a-comparison,luna_pinyin,key_sequence_process_with_context,ni,1,2,29.600,14.800,11841536,11841536,unavailable,13819904,4481024,4481024,unavailable,4481024,4481024,6512640
librime-1.17.0,track-a-comparison,luna_pinyin,key_sequence_process_with_context,ni,2,2,29.200,14.600,11841536,11841536,unavailable,13819904,4481024,4481024,unavailable,4481024,4481024,6512640
librime-1.17.0,track-a-comparison,luna_pinyin,key_sequence_process_with_context,ni,3,2,32.200,16.100,11841536,11845632,unavailable,13819904,4481024,4481024,unavailable,4481024,4481024,6512640
librime-1.17.0,track-a-comparison,luna_pinyin,key_sequence_process_with_context,ni,4,2,29.700,14.850,11849728,11849728,unavailable,13819904,4481024,4481024,unavailable,4481024,4481024,6512640
librime-1.17.0,track-a-comparison,luna_pinyin,key_sequence_process_with_context,ni,5,2,29.000,14.500,11849728,11849728,unavailable,13819904,4481024,4481024,unavailable,4481024,4481024,6512640
librime-1.17.0,track-a-comparison,luna_pinyin,key_sequence_process_with_context,ni,6,2,29.200,14.600,11849728,11849728,unavailable,13819904,4481024,4481024,unavailable,4481024,4481024,6512640
librime-1.17.0,track-a-comparison,luna_pinyin,key_sequence_process_with_context,ni,7,2,29.200,14.600,11849728,11849728,unavailable,13819904,4481024,4481024,unavailable,4481024,4481024,6512640
librime-1.17.0,track-a-comparison,luna_pinyin,key_sequence_process_with_context,ni,8,2,28.900,14.450,11849728,11849728,unavailable,13819904,4481024,4481024,unavailable,4481024,4481024,6512640
librime-1.17.0,track-a-comparison,luna_pinyin,key_sequence_process_with_context,ni,9,2,29.100,14.550,11849728,11849728,unavailable,13819904,4481024,4481024,unavailable,4481024,4481024,6512640
librime-1.17.0,track-a-comparison,luna_pinyin,key_sequence_process_with_context,ni,10,2,29.200,14.600,11849728,11849728,unavailable,13819904,4481024,4481024,unavailable,4481024,4481024,6512640
librime-1.17.0,track-a-comparison,luna_pinyin,key_sequence_process_with_context,ni,11,2,28.800,14.400,11849728,11849728,unavailable,13819904,4481024,4481024,unavailable,4481024,4481024,6512640
librime-1.17.0,track-a-comparison,luna_pinyin,key_sequence_process_with_context,ni,12,2,29.400,14.700,11849728,11849728,unavailable,13819904,4481024,4481024,unavailable,4481024,4481024,6512640
librime-1.17.0,track-a-comparison,luna_pinyin,key_sequence_process_with_context,ni,13,2,36.100,18.050,11853824,11853824,unavailable,13819904,4481024,4481024,unavailable,4481024,4481024,6512640
librime-1.17.0,track-a-comparison,luna_pinyin,key_sequence_process_with_context,ni,14,2,28.800,14.400,11853824,11853824,unavailable,13819904,4481024,4481024,unavailable,4481024,4481024,6512640
librime-1.17.0,track-a-comparison,luna_pinyin,key_sequence_process_with_context,ni,15,2,28.700,14.350,11853824,11853824,unavailable,13819904,4481024,4481024,unavailable,4481024,4481024,6512640
librime-1.17.0,track-a-comparison,luna_pinyin,key_sequence_process_with_context,ni,16,2,28.900,14.450,11853824,11853824,unavailable,13819904,4481024,4481024,unavailable,4481024,4481024,6512640
librime-1.17.0,track-a-comparison,luna_pinyin,key_sequence_process_with_context,ni,17,2,28.900,14.450,11853824,11853824,unavailable,13819904,4481024,4481024,unavailable,4481024,4481024,6512640
librime-1.17.0,track-a-comparison,luna_pinyin,key_sequence_process_with_context,ni,18,2,28.400,14.200,11853824,11853824,unavailable,13819904,4481024,4481024,unavailable,4481024,4481024,6512640
librime-1.17.0,track-a-comparison,luna_pinyin,key_sequence_process_with_context,ni,19,2,28.500,14.250,11853824,11853824,unavailable,13819904,4481024,4481024,unavailable,4481024,4481024,6512640
librime-1.17.0,track-a-comparison,luna_pinyin,key_sequence_process_with_context,ni,20,2,30.000,15.000,11853824,11853824,unavailable,13819904,4481024,4481024,unavailable,4481024,4481024,6512640
librime-1.17.0,track-a-comparison,luna_pinyin,key_sequence_process_with_context,ni,21,2,28.900,14.450,11853824,11853824,unavailable,13819904,4481024,4481024,unavailable,4481024,4481024,6512640
librime-1.17.0,track-a-comparison,luna_pinyin,key_sequence_process_with_context,ni,22,2,28.900,14.450,11857920,11857920,unavailable,13819904,4481024,4481024,unavailable,4481024,4481024,6512640
librime-1.17.0,track-a-comparison,luna_pinyin,key_sequence_process_with_context,ni,23,2,28.600,14.300,11857920,11857920,unavailable,13819904,4481024,4481024,unavailable,4481024,4481024,6512640
librime-1.17.0,track-a-comparison,luna_pinyin,key_sequence_process_with_context,ni,24,2,28.800,14.400,11857920,11857920,unavailable,13819904,4481024,4481024,unavailable,4481024,4481024,6512640
librime-1.17.0,track-a-comparison,luna_pinyin,key_sequence_process_with_context,ni,25,2,28.600,14.300,11857920,11857920,unavailable,13819904,4481024,4481024,unavailable,4481024,4481024,6512640
librime-1.17.0,track-a-comparison,luna_pinyin,key_sequence_process_with_context,ni,26,2,28.700,14.350,11857920,11857920,unavailable,13819904,4481024,4481024,unavailable,4481024,4481024,6512640
librime-1.17.0,track-a-comparison,luna_pinyin,key_sequence_process_with_context,ni,27,2,35.100,17.550,11857920,11857920,unavailable,13819904,4481024,4481024,unavailable,4481024,4481024,6512640
librime-1.17.0,track-a-comparison,luna_pinyin,key_sequence_process_with_context,ni,28,2,29.900,14.950,11857920,11857920,unavailable,13819904,4481024,4481024,unavailable,4481024,4481024,6512640
librime-1.17.0,track-a-comparison,luna_pinyin,key_sequence_process_with_context,ni,29,2,31.900,15.950,11857920,11857920,unavailable,13819904,4481024,4485120,unavailable,4485120,4485120,6512640
librime-1.17.0,track-a-comparison,luna_pinyin,key_sequence_process_with_context,ni,30,2,29.500,14.750,11857920,11857920,unavailable,13819904,4485120,4485120,unavailable,4485120,4485120,6512640
librime-1.17.0,track-a-comparison,luna_pinyin,key_sequence_process_with_context,ni,31,2,28.900,14.450,11862016,11862016,unavailable,13819904,4485120,4485120,unavailable,4485120,4485120,6512640
librime-1.17.0,track-a-comparison,luna_pinyin,key_sequence_process_with_context,ni,32,2,29.200,14.600,11862016,11862016,unavailable,13819904,4485120,4485120,unavailable,4485120,4485120,6512640
librime-1.17.0,track-a-comparison,luna_pinyin,key_sequence_process_with_context,ni,33,2,29.100,14.550,11862016,11862016,unavailable,13819904,4485120,4485120,unavailable,4485120,4485120,6512640
librime-1.17.0,track-a-comparison,luna_pinyin,key_sequence_process_with_context,ni,34,2,28.900,14.450,11862016,11862016,unavailable,13819904,4485120,4485120,unavailable,4485120,4485120,6512640
librime-1.17.0,track-a-comparison,luna_pinyin,key_sequence_process_with_context,ni,35,2,28.800,14.400,11862016,11862016,unavailable,13819904,4485120,4485120,unavailable,4485120,4485120,6512640
librime-1.17.0,track-a-comparison,luna_pinyin,key_sequence_process_with_context,ni,36,2,29.100,14.550,11862016,11862016,unavailable,13819904,4485120,4485120,unavailable,4485120,4485120,6512640
librime-1.17.0,track-a-comparison,luna_pinyin,key_sequence_process_with_context,ni,37,2,29.000,14.500,11862016,11862016,unavailable,13819904,4485120,4485120,unavailable,4485120,4485120,6512640
librime-1.17.0,track-a-comparison,luna_pinyin,key_sequence_process_with_context,ni,38,2,28.400,14.200,11862016,11862016,unavailable,13819904,4485120,4485120,unavailable,4485120,4485120,6512640
librime-1.17.0,track-a-comparison,luna_pinyin,key_sequence_process_with_context,ni,39,2,28.800,14.400,11862016,11862016,unavailable,13819904,4485120,4485120,unavailable,4485120,4485120,6512640
librime-1.17.0,track-a-comparison,luna_pinyin,key_sequence_process_with_context,ni,40,2,28.500,14.250,11866112,11866112,unavailable,13819904,4485120,4485120,unavailable,4485120,4485120,6512640
librime-1.17.0,track-a-comparison,luna_pinyin,key_sequence_process_with_context,ni,41,2,28.500,14.250,11866112,11866112,unavailable,13819904,4485120,4485120,unavailable,4485120,4485120,6512640
librime-1.17.0,track-a-comparison,luna_pinyin,key_sequence_process_with_context,ni,42,2,29.400,14.700,11866112,11866112,unavailable,13819904,4485120,4485120,unavailable,4485120,4485120,6512640
librime-1.17.0,track-a-comparison,luna_pinyin,key_sequence_process_with_context,ni,43,2,28.300,14.150,11866112,11866112,unavailable,13819904,4485120,4485120,unavailable,4485120,4485120,6512640
librime-1.17.0,track-a-comparison,luna_pinyin,key_sequence_process_with_context,ni,44,2,28.400,14.200,11866112,11866112,unavailable,13819904,4485120,4485120,unavailable,4485120,4485120,6512640
librime-1.17.0,track-a-comparison,luna_pinyin,key_sequence_process_with_context,ni,45,2,28.500,14.250,11866112,11866112,unavailable,13819904,4485120,4485120,unavailable,4485120,4485120,6512640
librime-1.17.0,track-a-comparison,luna_pinyin,key_sequence_process_with_context,ni,46,2,28.700,14.350,11866112,11866112,unavailable,13819904,4485120,4485120,unavailable,4485120,4485120,6512640
librime-1.17.0,track-a-comparison,luna_pinyin,key_sequence_process_with_context,ni,47,2,28.500,14.250,11866112,11866112,unavailable,13819904,4485120,4485120,unavailable,4485120,4485120,6512640
librime-1.17.0,track-a-comparison,luna_pinyin,key_sequence_process_with_context,ni,48,2,28.800,14.400,11866112,11866112,unavailable,13819904,4485120,4485120,unavailable,4485120,4485120,6512640
librime-1.17.0,track-a-comparison,luna_pinyin,key_sequence_process_with_context,ni,49,2,28.600,14.300,11870208,11870208,unavailable,13819904,4485120,4485120,unavailable,4485120,4485120,6512640
librime-1.17.0,track-a-comparison,luna_pinyin,key_sequence_process_with_context,ni,50,2,28.800,14.400,11870208,11870208,unavailable,13819904,4485120,4485120,unavailable,4485120,4485120,6512640
librime-1.17.0,track-a-comparison,luna_pinyin,key_sequence_process_with_context,ni,51,2,28.800,14.400,11870208,11870208,unavailable,13819904,4485120,4485120,unavailable,4485120,4485120,6512640
librime-1.17.0,track-a-comparison,luna_pinyin,key_sequence_process_with_context,ni,52,2,28.600,14.300,11870208,11870208,unavailable,13819904,4485120,4485120,unavailable,4485120,4485120,6512640
librime-1.17.0,track-a-comparison,luna_pinyin,key_sequence_process_with_context,ni,53,2,28.600,14.300,11870208,11870208,unavailable,13819904,4485120,4485120,unavailable,4485120,4485120,6512640
librime-1.17.0,track-a-comparison,luna_pinyin,key_sequence_process_with_context,ni,54,2,28.900,14.450,11870208,11870208,unavailable,13819904,4485120,4485120,unavailable,4485120,4485120,6512640
librime-1.17.0,track-a-comparison,luna_pinyin,key_sequence_process_with_context,ni,55,2,28.700,14.350,11870208,11870208,unavailable,13819904,4485120,4485120,unavailable,4485120,4485120,6512640
librime-1.17.0,track-a-comparison,luna_pinyin,key_sequence_process_with_context,ni,56,2,28.700,14.350,11870208,11870208,unavailable,13819904,4485120,4485120,unavailable,4485120,4485120,6512640
librime-1.17.0,track-a-comparison,luna_pinyin,key_sequence_process_with_context,ni,57,2,28.600,14.300,11870208,11870208,unavailable,13819904,4485120,4485120,unavailable,4485120,4485120,6512640
librime-1.17.0,track-a-comparison,luna_pinyin,key_sequence_process_with_context,ni,58,2,28.600,14.300,11874304,11874304,unavailable,13819904,4485120,4485120,unavailable,4485120,4485120,6512640
librime-1.17.0,track-a-comparison,luna_pinyin,key_sequence_process_with_context,ni,59,2,28.500,14.250,11874304,11874304,unavailable,13819904,4485120,4485120,unavailable,4485120,4485120,6512640
librime-1.17.0,track-a-comparison,luna_pinyin,key_sequence_process_with_context,ni,60,2,28.500,14.250,11874304,11874304,unavailable,13819904,4485120,4485120,unavailable,4485120,4485120,6512640
librime-1.17.0,track-a-comparison,luna_pinyin,key_sequence_process_with_context,ni,61,2,28.400,14.200,11874304,11874304,unavailable,13819904,4485120,4485120,unavailable,4485120,4485120,6512640
librime-1.17.0,track-a-comparison,luna_pinyin,key_sequence_process_with_context,ni,62,2,28.500,14.250,11874304,11874304,unavailable,13819904,4485120,4485120,unavailable,4485120,4485120,6512640
librime-1.17.0,track-a-comparison,luna_pinyin,key_sequence_process_with_context,ni,63,2,29.000,14.500,11874304,11874304,unavailable,13819904,4485120,4485120,unavailable,4485120,4485120,6512640
librime-1.17.0,track-a-comparison,luna_pinyin,key_sequence_process_with_context,ni,64,2,29.300,14.650,11874304,11874304,unavailable,13819904,4485120,4485120,unavailable,4485120,4485120,6512640
librime-1.17.0,track-a-comparison,luna_pinyin,key_sequence_process_with_context,ni,65,2,28.400,14.200,11874304,11874304,unavailable,13819904,4485120,4485120,unavailable,4485120,4485120,6512640
librime-1.17.0,track-a-comparison,luna_pinyin,key_sequence_process_with_context,ni,66,2,28.600,14.300,11874304,11874304,unavailable,13819904,4485120,4485120,unavailable,4485120,4485120,6512640
librime-1.17.0,track-a-comparison,luna_pinyin,key_sequence_process_with_context,ni,67,2,28.400,14.200,11878400,11878400,unavailable,13819904,4485120,4485120,unavailable,4485120,4485120,6512640
librime-1.17.0,track-a-comparison,luna_pinyin,key_sequence_process_with_context,ni,68,2,28.600,14.300,11878400,11878400,unavailable,13819904,4485120,4485120,unavailable,4485120,4485120,6512640
librime-1.17.0,track-a-comparison,luna_pinyin,key_sequence_process_with_context,ni,69,2,28.500,14.250,11878400,11878400,unavailable,13819904,4485120,4485120,unavailable,4485120,4485120,6512640
librime-1.17.0,track-a-comparison,luna_pinyin,key_sequence_process_with_context,ni,70,2,28.400,14.200,11878400,11878400,unavailable,13819904,4485120,4485120,unavailable,4485120,4485120,6512640
librime-1.17.0,track-a-comparison,luna_pinyin,key_sequence_process_with_context,ni,71,2,28.200,14.100,11878400,11878400,unavailable,13819904,4485120,4485120,unavailable,4485120,4485120,6512640
librime-1.17.0,track-a-comparison,luna_pinyin,key_sequence_process_with_context,ni,72,2,28.700,14.350,11878400,11878400,unavailable,13819904,4485120,4485120,unavailable,4485120,4485120,6512640
librime-1.17.0,track-a-comparison,luna_pinyin,key_sequence_process_with_context,ni,73,2,29.000,14.500,11878400,11878400,unavailable,13819904,4485120,4485120,unavailable,4485120,4485120,6512640
librime-1.17.0,track-a-comparison,luna_pinyin,key_sequence_process_with_context,ni,74,2,28.400,14.200,11878400,11878400,unavailable,13819904,4485120,4485120,unavailable,4485120,4485120,6512640
librime-1.17.0,track-a-comparison,luna_pinyin,key_sequence_process_with_context,ni,75,2,28.200,14.100,11878400,11878400,unavailable,13819904,4485120,4485120,unavailable,4485120,4485120,6512640
librime-1.17.0,track-a-comparison,luna_pinyin,key_sequence_process_with_context,ni,76,2,28.500,14.250,11882496,11882496,unavailable,13819904,4485120,4485120,unavailable,4485120,4485120,6512640
librime-1.17.0,track-a-comparison,luna_pinyin,key_sequence_process_with_context,ni,77,2,28.400,14.200,11882496,11882496,unavailable,13819904,4485120,4485120,unavailable,4485120,4485120,6512640
librime-1.17.0,track-a-comparison,luna_pinyin,key_sequence_process_with_context,ni,78,2,28.400,14.200,11882496,11882496,unavailable,13819904,4485120,4485120,unavailable,4485120,4485120,6512640
librime-1.17.0,track-a-comparison,luna_pinyin,key_sequence_process_with_context,ni,79,2,28.400,14.200,11882496,11882496,unavailable,13819904,4485120,4485120,unavailable,4485120,4485120,6512640
librime-1.17.0,track-a-comparison,luna_pinyin,key_sequence_process_with_context,hao,0,3,35.400,11.800,11837440,11837440,unavailable,13819904,4448256,4448256,unavailable,4448256,4448256,6512640
librime-1.17.0,track-a-comparison,luna_pinyin,key_sequence_process_with_context,hao,1,3,35.300,11.767,11837440,11837440,unavailable,13819904,4448256,4448256,unavailable,4448256,4448256,6512640
librime-1.17.0,track-a-comparison,luna_pinyin,key_sequence_process_with_context,hao,2,3,34.900,11.633,11837440,11837440,unavailable,13819904,4448256,4448256,unavailable,4448256,4448256,6512640
librime-1.17.0,track-a-comparison,luna_pinyin,key_sequence_process_with_context,hao,3,3,35.900,11.967,11837440,11837440,unavailable,13819904,4448256,4448256,unavailable,4448256,4448256,6512640
librime-1.17.0,track-a-comparison,luna_pinyin,key_sequence_process_with_context,hao,4,3,34.900,11.633,11837440,11837440,unavailable,13819904,4448256,4448256,unavailable,4448256,4448256,6512640
librime-1.17.0,track-a-comparison,luna_pinyin,key_sequence_process_with_context,hao,5,3,36.300,12.100,11841536,11841536,unavailable,13819904,4448256,4448256,unavailable,4448256,4448256,6512640
librime-1.17.0,track-a-comparison,luna_pinyin,key_sequence_process_with_context,hao,6,3,35.000,11.667,11841536,11841536,unavailable,13819904,4448256,4448256,unavailable,4448256,4448256,6512640
librime-1.17.0,track-a-comparison,luna_pinyin,key_sequence_process_with_context,hao,7,3,37.400,12.467,11841536,11841536,unavailable,13819904,4448256,4448256,unavailable,4448256,4448256,6512640
librime-1.17.0,track-a-comparison,luna_pinyin,key_sequence_process_with_context,hao,8,3,34.600,11.533,11841536,11841536,unavailable,13819904,4448256,4448256,unavailable,4448256,4448256,6512640
librime-1.17.0,track-a-comparison,luna_pinyin,key_sequence_process_with_context,hao,9,3,35.000,11.667,11841536,11841536,unavailable,13819904,4448256,4448256,unavailable,4448256,4448256,6512640
librime-1.17.0,track-a-comparison,luna_pinyin,key_sequence_process_with_context,hao,10,3,34.700,11.567,11841536,11841536,unavailable,13819904,4448256,4448256,unavailable,4448256,4448256,6512640
librime-1.17.0,track-a-comparison,luna_pinyin,key_sequence_process_with_context,hao,11,3,36.200,12.067,11841536,11841536,unavailable,13819904,4448256,4448256,unavailable,4448256,4448256,6512640
librime-1.17.0,track-a-comparison,luna_pinyin,key_sequence_process_with_context,hao,12,3,35.100,11.700,11841536,11841536,unavailable,13819904,4448256,4448256,unavailable,4448256,4448256,6512640
librime-1.17.0,track-a-comparison,luna_pinyin,key_sequence_process_with_context,hao,13,3,34.300,11.433,11841536,11841536,unavailable,13819904,4448256,4448256,unavailable,4448256,4448256,6512640
librime-1.17.0,track-a-comparison,luna_pinyin,key_sequence_process_with_context,hao,14,3,34.100,11.367,11845632,11845632,unavailable,13819904,4448256,4448256,unavailable,4448256,4448256,6512640
librime-1.17.0,track-a-comparison,luna_pinyin,key_sequence_process_with_context,hao,15,3,34.400,11.467,11845632,11845632,unavailable,13819904,4448256,4448256,unavailable,4448256,4448256,6512640
librime-1.17.0,track-a-comparison,luna_pinyin,key_sequence_process_with_context,hao,16,3,34.000,11.333,11845632,11845632,unavailable,13819904,4448256,4448256,unavailable,4448256,4448256,6512640
librime-1.17.0,track-a-comparison,luna_pinyin,key_sequence_process_with_context,hao,17,3,34.100,11.367,11845632,11845632,unavailable,13819904,4448256,4448256,unavailable,4448256,4448256,6512640
librime-1.17.0,track-a-comparison,luna_pinyin,key_sequence_process_with_context,hao,18,3,34.200,11.400,11845632,11845632,unavailable,13819904,4448256,4448256,unavailable,4448256,4448256,6512640
librime-1.17.0,track-a-comparison,luna_pinyin,key_sequence_process_with_context,hao,19,3,34.200,11.400,11845632,11845632,unavailable,13819904,4448256,4448256,unavailable,4448256,4448256,6512640
librime-1.17.0,track-a-comparison,luna_pinyin,key_sequence_process_with_context,hao,20,3,34.200,11.400,11845632,11845632,unavailable,13819904,4448256,4448256,unavailable,4448256,4448256,6512640
librime-1.17.0,track-a-comparison,luna_pinyin,key_sequence_process_with_context,hao,21,3,34.800,11.600,11845632,11845632,unavailable,13819904,4448256,4448256,unavailable,4448256,4448256,6512640
librime-1.17.0,track-a-comparison,luna_pinyin,key_sequence_process_with_context,hao,22,3,34.600,11.533,11845632,11845632,unavailable,13819904,4448256,4448256,unavailable,4448256,4448256,6512640
librime-1.17.0,track-a-comparison,luna_pinyin,key_sequence_process_with_context,hao,23,3,40.000,13.333,11845632,11845632,unavailable,13819904,4448256,4448256,unavailable,4448256,4448256,6512640
librime-1.17.0,track-a-comparison,luna_pinyin,key_sequence_process_with_context,hao,24,3,35.500,11.833,11845632,11845632,unavailable,13819904,4448256,4448256,unavailable,4448256,4448256,6512640
librime-1.17.0,track-a-comparison,luna_pinyin,key_sequence_process_with_context,hao,25,3,34.900,11.633,11845632,11845632,unavailable,13819904,4448256,4448256,unavailable,4448256,4448256,6512640
librime-1.17.0,track-a-comparison,luna_pinyin,key_sequence_process_with_context,hao,26,3,34.600,11.533,11845632,11845632,unavailable,13819904,4448256,4448256,unavailable,4448256,4448256,6512640
librime-1.17.0,track-a-comparison,luna_pinyin,key_sequence_process_with_context,hao,27,3,34.700,11.567,11845632,11845632,unavailable,13819904,4448256,4448256,unavailable,4448256,4448256,6512640
librime-1.17.0,track-a-comparison,luna_pinyin,key_sequence_process_with_context,hao,28,3,36.300,12.100,12025856,12025856,unavailable,13819904,4726784,4726784,unavailable,4726784,4726784,6512640
librime-1.17.0,track-a-comparison,luna_pinyin,key_sequence_process_with_context,hao,29,3,35.000,11.667,12025856,12025856,unavailable,13819904,4726784,4726784,unavailable,4726784,4726784,6512640
librime-1.17.0,track-a-comparison,luna_pinyin,key_sequence_process_with_context,hao,30,3,35.000,11.667,12025856,12025856,unavailable,13819904,4726784,4726784,unavailable,4726784,4726784,6512640
librime-1.17.0,track-a-comparison,luna_pinyin,key_sequence_process_with_context,hao,31,3,34.700,11.567,12025856,12025856,unavailable,13819904,4726784,4726784,unavailable,4726784,4726784,6512640
librime-1.17.0,track-a-comparison,luna_pinyin,key_sequence_process_with_context,hao,32,3,34.800,11.600,12025856,12025856,unavailable,13819904,4726784,4726784,unavailable,4726784,4726784,6512640
librime-1.17.0,track-a-comparison,luna_pinyin,key_sequence_process_with_context,hao,33,3,34.900,11.633,12025856,12025856,unavailable,13819904,4726784,4726784,unavailable,4726784,4726784,6512640
librime-1.17.0,track-a-comparison,luna_pinyin,key_sequence_process_with_context,hao,34,3,34.900,11.633,12025856,12025856,unavailable,13819904,4726784,4726784,unavailable,4726784,4726784,6512640
librime-1.17.0,track-a-comparison,luna_pinyin,key_sequence_process_with_context,hao,35,3,36.700,12.233,12025856,12025856,unavailable,13819904,4726784,4726784,unavailable,4726784,4726784,6512640
librime-1.17.0,track-a-comparison,luna_pinyin,key_sequence_process_with_context,hao,36,3,34.600,11.533,12025856,12025856,unavailable,13819904,4726784,4726784,unavailable,4726784,4726784,6512640
librime-1.17.0,track-a-comparison,luna_pinyin,key_sequence_process_with_context,hao,37,3,34.700,11.567,12025856,12025856,unavailable,13819904,4726784,4726784,unavailable,4726784,4726784,6512640
librime-1.17.0,track-a-comparison,luna_pinyin,key_sequence_process_with_context,hao,38,3,35.000,11.667,12025856,12025856,unavailable,13819904,4726784,4726784,unavailable,4726784,4726784,6512640
librime-1.17.0,track-a-comparison,luna_pinyin,key_sequence_process_with_context,hao,39,3,34.800,11.600,12025856,12025856,unavailable,13819904,4726784,4726784,unavailable,4726784,4726784,6512640
librime-1.17.0,track-a-comparison,luna_pinyin,key_sequence_process_with_context,hao,40,3,34.800,11.600,12025856,12025856,unavailable,13819904,4726784,4726784,unavailable,4726784,4726784,6512640
librime-1.17.0,track-a-comparison,luna_pinyin,key_sequence_process_with_context,hao,41,3,34.600,11.533,12025856,12025856,unavailable,13819904,4726784,4726784,unavailable,4726784,4726784,6512640
librime-1.17.0,track-a-comparison,luna_pinyin,key_sequence_process_with_context,hao,42,3,34.600,11.533,12025856,12025856,unavailable,13819904,4726784,4726784,unavailable,4726784,4726784,6512640
librime-1.17.0,track-a-comparison,luna_pinyin,key_sequence_process_with_context,hao,43,3,34.700,11.567,12025856,12025856,unavailable,13819904,4726784,4726784,unavailable,4726784,4726784,6512640
librime-1.17.0,track-a-comparison,luna_pinyin,key_sequence_process_with_context,hao,44,3,34.900,11.633,12025856,12025856,unavailable,13819904,4726784,4726784,unavailable,4726784,4726784,6512640
librime-1.17.0,track-a-comparison,luna_pinyin,key_sequence_process_with_context,hao,45,3,35.000,11.667,12025856,12025856,unavailable,13819904,4726784,4726784,unavailable,4726784,4726784,6512640
librime-1.17.0,track-a-comparison,luna_pinyin,key_sequence_process_with_context,hao,46,3,35.800,11.933,12025856,12025856,unavailable,13819904,4726784,4726784,unavailable,4726784,4726784,6512640
librime-1.17.0,track-a-comparison,luna_pinyin,key_sequence_process_with_context,hao,47,3,35.100,11.700,12025856,12025856,unavailable,13819904,4726784,4726784,unavailable,4726784,4726784,6512640
librime-1.17.0,track-a-comparison,luna_pinyin,key_sequence_process_with_context,hao,48,3,35.100,11.700,12025856,12025856,unavailable,13819904,4726784,4726784,unavailable,4726784,4726784,6512640
librime-1.17.0,track-a-comparison,luna_pinyin,key_sequence_process_with_context,hao,49,3,35.000,11.667,12025856,12025856,unavailable,13819904,4726784,4726784,unavailable,4726784,4726784,6512640
librime-1.17.0,track-a-comparison,luna_pinyin,key_sequence_process_with_context,hao,50,3,34.800,11.600,12025856,12025856,unavailable,13819904,4726784,4726784,unavailable,4726784,4726784,6512640
librime-1.17.0,track-a-comparison,luna_pinyin,key_sequence_process_with_context,hao,51,3,34.900,11.633,12025856,12025856,unavailable,13819904,4726784,4726784,unavailable,4726784,4726784,6512640
librime-1.17.0,track-a-comparison,luna_pinyin,key_sequence_process_with_context,hao,52,3,35.400,11.800,12025856,12025856,unavailable,13819904,4726784,4726784,unavailable,4726784,4726784,6512640
librime-1.17.0,track-a-comparison,luna_pinyin,key_sequence_process_with_context,hao,53,3,34.800,11.600,12025856,12025856,unavailable,13819904,4726784,4726784,unavailable,4726784,4726784,6512640
librime-1.17.0,track-a-comparison,luna_pinyin,key_sequence_process_with_context,hao,54,3,34.800,11.600,12025856,12025856,unavailable,13819904,4726784,4726784,unavailable,4726784,4726784,6512640
librime-1.17.0,track-a-comparison,luna_pinyin,key_sequence_process_with_context,hao,55,3,35.600,11.867,12025856,12025856,unavailable,13819904,4726784,4726784,unavailable,4726784,4726784,6512640
librime-1.17.0,track-a-comparison,luna_pinyin,key_sequence_process_with_context,hao,56,3,34.900,11.633,12025856,12025856,unavailable,13819904,4726784,4726784,unavailable,4726784,4726784,6512640
librime-1.17.0,track-a-comparison,luna_pinyin,key_sequence_process_with_context,hao,57,3,34.800,11.600,12025856,12025856,unavailable,13819904,4726784,4726784,unavailable,4726784,4726784,6512640
librime-1.17.0,track-a-comparison,luna_pinyin,key_sequence_process_with_context,hao,58,3,34.800,11.600,12025856,12025856,unavailable,13819904,4726784,4726784,unavailable,4726784,4726784,6512640
librime-1.17.0,track-a-comparison,luna_pinyin,key_sequence_process_with_context,hao,59,3,34.600,11.533,12025856,12025856,unavailable,13819904,4726784,4726784,unavailable,4726784,4726784,6512640
librime-1.17.0,track-a-comparison,luna_pinyin,key_sequence_process_with_context,hao,60,3,34.700,11.567,12025856,12025856,unavailable,13819904,4726784,4726784,unavailable,4726784,4726784,6512640
librime-1.17.0,track-a-comparison,luna_pinyin,key_sequence_process_with_context,hao,61,3,34.800,11.600,12025856,12025856,unavailable,13819904,4726784,4726784,unavailable,4726784,4726784,6512640
librime-1.17.0,track-a-comparison,luna_pinyin,key_sequence_process_with_context,hao,62,3,34.800,11.600,12025856,12025856,unavailable,13819904,4726784,4726784,unavailable,4726784,4726784,6512640
librime-1.17.0,track-a-comparison,luna_pinyin,key_sequence_process_with_context,hao,63,3,34.700,11.567,12025856,12025856,unavailable,13819904,4726784,4726784,unavailable,4726784,4726784,6512640
librime-1.17.0,track-a-comparison,luna_pinyin,key_sequence_process_with_context,hao,64,3,34.800,11.600,12025856,12025856,unavailable,13819904,4726784,4726784,unavailable,4726784,4726784,6512640
librime-1.17.0,track-a-comparison,luna_pinyin,key_sequence_process_with_context,hao,65,3,34.800,11.600,12025856,12025856,unavailable,13819904,4726784,4726784,unavailable,4726784,4726784,6512640
librime-1.17.0,track-a-comparison,luna_pinyin,key_sequence_process_with_context,hao,66,3,34.700,11.567,12025856,12025856,unavailable,13819904,4726784,4726784,unavailable,4726784,4726784,6512640
librime-1.17.0,track-a-comparison,luna_pinyin,key_sequence_process_with_context,hao,67,3,35.200,11.733,12025856,12025856,unavailable,13819904,4726784,4726784,unavailable,4726784,4726784,6512640
librime-1.17.0,track-a-comparison,luna_pinyin,key_sequence_process_with_context,hao,68,3,34.700,11.567,12025856,12025856,unavailable,13819904,4726784,4726784,unavailable,4726784,4726784,6512640
librime-1.17.0,track-a-comparison,luna_pinyin,key_sequence_process_with_context,hao,69,3,34.600,11.533,12025856,12025856,unavailable,13819904,4726784,4726784,unavailable,4726784,4726784,6512640
librime-1.17.0,track-a-comparison,luna_pinyin,key_sequence_process_with_context,hao,70,3,34.600,11.533,12025856,12025856,unavailable,13819904,4726784,4726784,unavailable,4726784,4726784,6512640
librime-1.17.0,track-a-comparison,luna_pinyin,key_sequence_process_with_context,hao,71,3,34.700,11.567,12025856,12025856,unavailable,13819904,4726784,4726784,unavailable,4726784,4726784,6512640
librime-1.17.0,track-a-comparison,luna_pinyin,key_sequence_process_with_context,hao,72,3,33.900,11.300,12025856,12025856,unavailable,13819904,4726784,4726784,unavailable,4726784,4726784,6512640
librime-1.17.0,track-a-comparison,luna_pinyin,key_sequence_process_with_context,hao,73,3,34.400,11.467,12025856,12025856,unavailable,13819904,4726784,4726784,unavailable,4726784,4726784,6512640
librime-1.17.0,track-a-comparison,luna_pinyin,key_sequence_process_with_context,hao,74,3,34.200,11.400,12025856,12025856,unavailable,13819904,4726784,4726784,unavailable,4726784,4726784,6512640
librime-1.17.0,track-a-comparison,luna_pinyin,key_sequence_process_with_context,hao,75,3,34.300,11.433,12025856,12025856,unavailable,13819904,4726784,4726784,unavailable,4726784,4726784,6512640
librime-1.17.0,track-a-comparison,luna_pinyin,key_sequence_process_with_context,hao,76,3,34.400,11.467,12025856,12025856,unavailable,13819904,4726784,4726784,unavailable,4726784,4726784,6512640
librime-1.17.0,track-a-comparison,luna_pinyin,key_sequence_process_with_context,hao,77,3,34.300,11.433,12025856,12025856,unavailable,13819904,4726784,4726784,unavailable,4726784,4726784,6512640
librime-1.17.0,track-a-comparison,luna_pinyin,key_sequence_process_with_context,hao,78,3,34.400,11.467,12025856,12025856,unavailable,13819904,4726784,4726784,unavailable,4726784,4726784,6512640
librime-1.17.0,track-a-comparison,luna_pinyin,key_sequence_process_with_context,hao,79,3,37.400,12.467,12025856,12025856,unavailable,13819904,4726784,4726784,unavailable,4726784,4726784,6512640
librime-1.17.0,track-a-comparison,luna_pinyin,key_sequence_process_with_context,zhongguo,0,8,1354.800,169.350,12816384,12877824,unavailable,13824000,4575232,4665344,unavailable,4665344,4665344,6512640
librime-1.17.0,track-a-comparison,luna_pinyin,key_sequence_process_with_context,zhongguo,1,8,1339.100,167.387,12877824,12877824,unavailable,13824000,4665344,4665344,unavailable,4665344,4665344,6512640
librime-1.17.0,track-a-comparison,luna_pinyin,key_sequence_process_with_context,zhongguo,2,8,1334.900,166.862,12877824,12877824,unavailable,13824000,4665344,4665344,unavailable,4665344,4665344,6512640
librime-1.17.0,track-a-comparison,luna_pinyin,key_sequence_process_with_context,zhongguo,3,8,1403.600,175.450,12877824,12828672,unavailable,13824000,4665344,4587520,unavailable,4587520,4587520,6512640
librime-1.17.0,track-a-comparison,luna_pinyin,key_sequence_process_with_context,zhongguo,4,8,1360.900,170.112,12828672,12660736,unavailable,13824000,4587520,4362240,unavailable,4362240,4362240,6512640
librime-1.17.0,track-a-comparison,luna_pinyin,key_sequence_process_with_context,zhongguo,5,8,1380.200,172.525,12660736,12865536,unavailable,13824000,4362240,4653056,unavailable,4653056,4653056,6512640
librime-1.17.0,track-a-comparison,luna_pinyin,key_sequence_process_with_context,zhongguo,6,8,1345.000,168.125,12865536,12877824,unavailable,13824000,4653056,4665344,unavailable,4665344,4665344,6512640
librime-1.17.0,track-a-comparison,luna_pinyin,key_sequence_process_with_context,zhongguo,7,8,1442.400,180.300,12877824,12816384,unavailable,13824000,4665344,4575232,unavailable,4575232,4575232,6512640
librime-1.17.0,track-a-comparison,luna_pinyin,key_sequence_process_with_context,zhongguo,8,8,1350.600,168.825,12816384,12877824,unavailable,13824000,4575232,4665344,unavailable,4665344,4665344,6512640
librime-1.17.0,track-a-comparison,luna_pinyin,key_sequence_process_with_context,zhongguo,9,8,1398.600,174.825,12877824,12828672,unavailable,13824000,4665344,4587520,unavailable,4587520,4587520,6512640
librime-1.17.0,track-a-comparison,luna_pinyin,key_sequence_process_with_context,zhongguo,10,8,1382.500,172.812,12828672,12660736,unavailable,13824000,4587520,4362240,unavailable,4362240,4362240,6512640
librime-1.17.0,track-a-comparison,luna_pinyin,key_sequence_process_with_context,zhongguo,11,8,1393.200,174.150,12660736,12898304,unavailable,13824000,4362240,4665344,unavailable,4665344,4665344,6512640
librime-1.17.0,track-a-comparison,luna_pinyin,key_sequence_process_with_context,zhongguo,12,8,1325.500,165.688,12898304,12898304,unavailable,13824000,4665344,4665344,unavailable,4665344,4665344,6512640
librime-1.17.0,track-a-comparison,luna_pinyin,key_sequence_process_with_context,zhongguo,13,8,1519.500,189.938,12898304,12820480,unavailable,13824000,4665344,4583424,unavailable,4583424,4583424,6512640
librime-1.17.0,track-a-comparison,luna_pinyin,key_sequence_process_with_context,zhongguo,14,8,1337.600,167.200,12820480,12840960,unavailable,13824000,4583424,4587520,unavailable,4587520,4587520,6512640
librime-1.17.0,track-a-comparison,luna_pinyin,key_sequence_process_with_context,zhongguo,15,8,1384.600,173.075,12840960,12824576,unavailable,13824000,4587520,4583424,unavailable,4583424,4583424,6512640
librime-1.17.0,track-a-comparison,luna_pinyin,key_sequence_process_with_context,zhongguo,16,8,1337.900,167.237,12824576,12840960,unavailable,13824000,4583424,4587520,unavailable,4587520,4587520,6512640
librime-1.17.0,track-a-comparison,luna_pinyin,key_sequence_process_with_context,zhongguo,17,8,1327.400,165.925,12840960,12840960,unavailable,13824000,4587520,4587520,unavailable,4587520,4587520,6512640
librime-1.17.0,track-a-comparison,luna_pinyin,key_sequence_process_with_context,zhongguo,18,8,1456.900,182.112,12840960,12824576,unavailable,13824000,4587520,4587520,unavailable,4587520,4587520,6512640
librime-1.17.0,track-a-comparison,luna_pinyin,key_sequence_process_with_context,zhongguo,19,8,1433.500,179.188,12824576,12824576,unavailable,13824000,4587520,4587520,unavailable,4587520,4587520,6512640
librime-1.17.0,track-a-comparison,luna_pinyin,key_sequence_process_with_context,zhongguo,20,8,1387.500,173.438,12824576,12898304,unavailable,13824000,4587520,4665344,unavailable,4665344,4665344,6512640
librime-1.17.0,track-a-comparison,luna_pinyin,key_sequence_process_with_context,zhongguo,21,8,1394.300,174.287,12898304,12824576,unavailable,13824000,4665344,4587520,unavailable,4587520,4587520,6512640
librime-1.17.0,track-a-comparison,luna_pinyin,key_sequence_process_with_context,zhongguo,22,8,1343.600,167.950,12824576,12861440,unavailable,13824000,4587520,4587520,unavailable,4587520,4587520,6512640
librime-1.17.0,track-a-comparison,luna_pinyin,key_sequence_process_with_context,zhongguo,23,8,1411.300,176.413,12861440,12898304,unavailable,13824000,4587520,4665344,unavailable,4665344,4665344,6512640
librime-1.17.0,track-a-comparison,luna_pinyin,key_sequence_process_with_context,zhongguo,24,8,1379.000,172.375,12898304,12828672,unavailable,13824000,4665344,4587520,unavailable,4587520,4587520,6512640
librime-1.17.0,track-a-comparison,luna_pinyin,key_sequence_process_with_context,zhongguo,25,8,1341.900,167.738,12828672,12861440,unavailable,13824000,4587520,4587520,unavailable,4587520,4587520,6512640
librime-1.17.0,track-a-comparison,luna_pinyin,key_sequence_process_with_context,zhongguo,26,8,1442.600,180.325,12861440,12804096,unavailable,13824000,4587520,4538368,unavailable,4538368,4538368,6512640
librime-1.17.0,track-a-comparison,luna_pinyin,key_sequence_process_with_context,zhongguo,27,8,1383.200,172.900,12804096,12845056,unavailable,13824000,4538368,4587520,unavailable,4587520,4587520,6512640
librime-1.17.0,track-a-comparison,luna_pinyin,key_sequence_process_with_context,zhongguo,28,8,1590.700,198.838,12845056,12840960,unavailable,13824000,4587520,4587520,unavailable,4587520,4587520,6512640
librime-1.17.0,track-a-comparison,luna_pinyin,key_sequence_process_with_context,zhongguo,29,8,1370.500,171.312,12840960,12939264,unavailable,13824000,4587520,4665344,unavailable,4665344,4665344,6512640
librime-1.17.0,track-a-comparison,luna_pinyin,key_sequence_process_with_context,zhongguo,30,8,1316.400,164.550,12939264,12939264,unavailable,13824000,4665344,4665344,unavailable,4665344,4665344,6512640
librime-1.17.0,track-a-comparison,luna_pinyin,key_sequence_process_with_context,zhongguo,31,8,1458.400,182.300,12939264,12918784,unavailable,13824000,4665344,4665344,unavailable,4665344,4665344,6512640
librime-1.17.0,track-a-comparison,luna_pinyin,key_sequence_process_with_context,zhongguo,32,8,1332.800,166.600,12918784,12935168,unavailable,13824000,4665344,4665344,unavailable,4665344,4665344,6512640
librime-1.17.0,track-a-comparison,luna_pinyin,key_sequence_process_with_context,zhongguo,33,8,1320.500,165.062,12935168,12935168,unavailable,13824000,4665344,4665344,unavailable,4665344,4665344,6512640
librime-1.17.0,track-a-comparison,luna_pinyin,key_sequence_process_with_context,zhongguo,34,8,1320.800,165.100,12935168,12935168,unavailable,13824000,4665344,4665344,unavailable,4665344,4665344,6512640
librime-1.17.0,track-a-comparison,luna_pinyin,key_sequence_process_with_context,zhongguo,35,8,1330.600,166.325,12935168,12935168,unavailable,13824000,4665344,4665344,unavailable,4665344,4665344,6512640
librime-1.17.0,track-a-comparison,luna_pinyin,key_sequence_process_with_context,zhongguo,36,8,1332.600,166.575,12935168,12935168,unavailable,13824000,4665344,4665344,unavailable,4665344,4665344,6512640
librime-1.17.0,track-a-comparison,luna_pinyin,key_sequence_process_with_context,zhongguo,37,8,1332.400,166.550,12935168,12976128,unavailable,13824000,4665344,4755456,unavailable,4755456,4755456,6512640
librime-1.17.0,track-a-comparison,luna_pinyin,key_sequence_process_with_context,zhongguo,38,8,1320.100,165.013,12976128,12976128,unavailable,13824000,4755456,4755456,unavailable,4755456,4755456,6512640
librime-1.17.0,track-a-comparison,luna_pinyin,key_sequence_process_with_context,zhongguo,39,8,1317.100,164.638,12976128,12976128,unavailable,13824000,4755456,4755456,unavailable,4755456,4755456,6512640
librime-1.17.0,track-a-comparison,luna_pinyin,key_sequence_process_with_context,zhongguo,40,8,1322.200,165.275,12976128,12976128,unavailable,13824000,4755456,4755456,unavailable,4755456,4755456,6512640
librime-1.17.0,track-a-comparison,luna_pinyin,key_sequence_process_with_context,zhongguo,41,8,1321.600,165.200,12976128,12976128,unavailable,13824000,4755456,4755456,unavailable,4755456,4755456,6512640
librime-1.17.0,track-a-comparison,luna_pinyin,key_sequence_process_with_context,zhongguo,42,8,1371.700,171.463,12976128,12877824,unavailable,13824000,4755456,4665344,unavailable,4665344,4665344,6512640
librime-1.17.0,track-a-comparison,luna_pinyin,key_sequence_process_with_context,zhongguo,43,8,1330.700,166.338,12877824,12906496,unavailable,13824000,4665344,4665344,unavailable,4665344,4665344,6512640
librime-1.17.0,track-a-comparison,luna_pinyin,key_sequence_process_with_context,zhongguo,44,8,1322.400,165.300,12906496,12922880,unavailable,13824000,4665344,4665344,unavailable,4665344,4665344,6512640
librime-1.17.0,track-a-comparison,luna_pinyin,key_sequence_process_with_context,zhongguo,45,8,1736.600,217.075,12922880,12963840,unavailable,13824000,4665344,4755456,unavailable,4755456,4755456,6512640
librime-1.17.0,track-a-comparison,luna_pinyin,key_sequence_process_with_context,zhongguo,46,8,2093.000,261.625,12963840,12963840,unavailable,13824000,4755456,4755456,unavailable,4755456,4755456,6512640
librime-1.17.0,track-a-comparison,luna_pinyin,key_sequence_process_with_context,zhongguo,47,8,1532.400,191.550,12963840,12976128,unavailable,13824000,4755456,4755456,unavailable,4755456,4755456,6512640
librime-1.17.0,track-a-comparison,luna_pinyin,key_sequence_process_with_context,zhongguo,48,8,1342.500,167.812,12976128,12976128,unavailable,13824000,4755456,4755456,unavailable,4755456,4755456,6512640
librime-1.17.0,track-a-comparison,luna_pinyin,key_sequence_process_with_context,zhongguo,49,8,1339.100,167.387,12976128,12976128,unavailable,13824000,4755456,4755456,unavailable,4755456,4755456,6512640
librime-1.17.0,track-a-comparison,luna_pinyin,key_sequence_process_with_context,zhongguo,50,8,1334.600,166.825,12976128,12976128,unavailable,13824000,4755456,4755456,unavailable,4755456,4755456,6512640
librime-1.17.0,track-a-comparison,luna_pinyin,key_sequence_process_with_context,zhongguo,51,8,1397.900,174.738,12976128,12922880,unavailable,13824000,4755456,4665344,unavailable,4665344,4665344,6512640
librime-1.17.0,track-a-comparison,luna_pinyin,key_sequence_process_with_context,zhongguo,52,8,1350.400,168.800,12922880,12976128,unavailable,13824000,4665344,4755456,unavailable,4755456,4755456,6512640
librime-1.17.0,track-a-comparison,luna_pinyin,key_sequence_process_with_context,zhongguo,53,8,1318.900,164.863,12976128,12976128,unavailable,13824000,4755456,4755456,unavailable,4755456,4755456,6512640
librime-1.17.0,track-a-comparison,luna_pinyin,key_sequence_process_with_context,zhongguo,54,8,1322.100,165.263,12976128,12976128,unavailable,13824000,4755456,4755456,unavailable,4755456,4755456,6512640
librime-1.17.0,track-a-comparison,luna_pinyin,key_sequence_process_with_context,zhongguo,55,8,1311.700,163.963,12976128,12976128,unavailable,13824000,4755456,4755456,unavailable,4755456,4755456,6512640
librime-1.17.0,track-a-comparison,luna_pinyin,key_sequence_process_with_context,zhongguo,56,8,1323.200,165.400,12976128,12976128,unavailable,13824000,4755456,4755456,unavailable,4755456,4755456,6512640
librime-1.17.0,track-a-comparison,luna_pinyin,key_sequence_process_with_context,zhongguo,57,8,1317.000,164.625,12976128,12976128,unavailable,13824000,4755456,4755456,unavailable,4755456,4755456,6512640
librime-1.17.0,track-a-comparison,luna_pinyin,key_sequence_process_with_context,zhongguo,58,8,1312.500,164.062,12976128,12976128,unavailable,13824000,4755456,4755456,unavailable,4755456,4755456,6512640
librime-1.17.0,track-a-comparison,luna_pinyin,key_sequence_process_with_context,zhongguo,59,8,1315.300,164.412,12976128,12976128,unavailable,13824000,4755456,4755456,unavailable,4755456,4755456,6512640
librime-1.17.0,track-a-comparison,luna_pinyin,key_sequence_process_with_context,zhongguo,60,8,1315.000,164.375,12976128,12976128,unavailable,13824000,4755456,4755456,unavailable,4755456,4755456,6512640
librime-1.17.0,track-a-comparison,luna_pinyin,key_sequence_process_with_context,zhongguo,61,8,1318.100,164.762,12976128,12996608,unavailable,13824000,4755456,4759552,unavailable,4759552,4759552,6512640
librime-1.17.0,track-a-comparison,luna_pinyin,key_sequence_process_with_context,zhongguo,62,8,1306.500,163.312,12996608,13008896,unavailable,13824000,4759552,4759552,unavailable,4759552,4759552,6512640
librime-1.17.0,track-a-comparison,luna_pinyin,key_sequence_process_with_context,zhongguo,63,8,1306.000,163.250,13008896,13008896,unavailable,13824000,4759552,4759552,unavailable,4759552,4759552,6512640
librime-1.17.0,track-a-comparison,luna_pinyin,key_sequence_process_with_context,zhongguo,64,8,1309.600,163.700,13008896,13008896,unavailable,13824000,4759552,4759552,unavailable,4759552,4759552,6512640
librime-1.17.0,track-a-comparison,luna_pinyin,key_sequence_process_with_context,zhongguo,65,8,1308.800,163.600,13008896,13008896,unavailable,13824000,4759552,4759552,unavailable,4759552,4759552,6512640
librime-1.17.0,track-a-comparison,luna_pinyin,key_sequence_process_with_context,zhongguo,66,8,1312.000,164.000,13008896,13008896,unavailable,13824000,4759552,4759552,unavailable,4759552,4759552,6512640
librime-1.17.0,track-a-comparison,luna_pinyin,key_sequence_process_with_context,zhongguo,67,8,1304.200,163.025,13008896,13008896,unavailable,13824000,4759552,4759552,unavailable,4759552,4759552,6512640
librime-1.17.0,track-a-comparison,luna_pinyin,key_sequence_process_with_context,zhongguo,68,8,1309.100,163.638,13008896,13008896,unavailable,13824000,4759552,4759552,unavailable,4759552,4759552,6512640
librime-1.17.0,track-a-comparison,luna_pinyin,key_sequence_process_with_context,zhongguo,69,8,1299.000,162.375,13008896,13008896,unavailable,13824000,4759552,4759552,unavailable,4759552,4759552,6512640
librime-1.17.0,track-a-comparison,luna_pinyin,key_sequence_process_with_context,zhongguo,70,8,1300.300,162.537,13008896,13008896,unavailable,13824000,4759552,4759552,unavailable,4759552,4759552,6512640
librime-1.17.0,track-a-comparison,luna_pinyin,key_sequence_process_with_context,zhongguo,71,8,1314.600,164.325,13008896,13008896,unavailable,13824000,4759552,4759552,unavailable,4759552,4759552,6512640
librime-1.17.0,track-a-comparison,luna_pinyin,key_sequence_process_with_context,zhongguo,72,8,1308.100,163.512,13008896,13008896,unavailable,13824000,4759552,4759552,unavailable,4759552,4759552,6512640
librime-1.17.0,track-a-comparison,luna_pinyin,key_sequence_process_with_context,zhongguo,73,8,1301.300,162.662,13008896,13008896,unavailable,13824000,4759552,4759552,unavailable,4759552,4759552,6512640
librime-1.17.0,track-a-comparison,luna_pinyin,key_sequence_process_with_context,zhongguo,74,8,1300.700,162.587,13008896,13008896,unavailable,13824000,4759552,4759552,unavailable,4759552,4759552,6512640
librime-1.17.0,track-a-comparison,luna_pinyin,key_sequence_process_with_context,zhongguo,75,8,1308.300,163.538,13008896,13008896,unavailable,13824000,4759552,4759552,unavailable,4759552,4759552,6512640
librime-1.17.0,track-a-comparison,luna_pinyin,key_sequence_process_with_context,zhongguo,76,8,1312.800,164.100,13008896,13053952,unavailable,13824000,4759552,4759552,unavailable,4759552,4759552,6512640
librime-1.17.0,track-a-comparison,luna_pinyin,key_sequence_process_with_context,zhongguo,77,8,1415.100,176.888,13053952,13037568,unavailable,13824000,4759552,4759552,unavailable,4759552,4759552,6512640
librime-1.17.0,track-a-comparison,luna_pinyin,key_sequence_process_with_context,zhongguo,78,8,1304.900,163.112,13037568,13037568,unavailable,13824000,4759552,4759552,unavailable,4759552,4759552,6512640
librime-1.17.0,track-a-comparison,luna_pinyin,key_sequence_process_with_context,zhongguo,79,8,1306.900,163.362,13037568,13078528,unavailable,13824000,4759552,4886528,unavailable,4886528,4886528,6512640
librime-1.17.0,track-a-comparison,luna_pinyin,key_sequence_process_with_context,ceshiyixiachangjushuruxingnengzenyang,0,37,10721.600,289.773,15532032,15527936,unavailable,15597568,5181440,5181440,unavailable,5181440,5181440,6639616
librime-1.17.0,track-a-comparison,luna_pinyin,key_sequence_process_with_context,ceshiyixiachangjushuruxingnengzenyang,1,37,10638.700,287.532,15527936,15532032,unavailable,15597568,5181440,5181440,unavailable,5181440,5181440,6639616
librime-1.17.0,track-a-comparison,luna_pinyin,key_sequence_process_with_context,ceshiyixiachangjushuruxingnengzenyang,2,37,11403.500,308.203,15532032,15572992,unavailable,15597568,5181440,5279744,unavailable,5279744,5279744,6639616
librime-1.17.0,track-a-comparison,luna_pinyin,key_sequence_process_with_context,ceshiyixiachangjushuruxingnengzenyang,3,37,10744.000,290.378,15572992,15572992,unavailable,15597568,5279744,5279744,unavailable,5279744,5279744,6639616
librime-1.17.0,track-a-comparison,luna_pinyin,key_sequence_process_with_context,ceshiyixiachangjushuruxingnengzenyang,4,37,10664.900,288.241,15572992,15572992,unavailable,15597568,5279744,5279744,unavailable,5279744,5279744,6639616
librime-1.17.0,track-a-comparison,luna_pinyin,key_sequence_process_with_context,ceshiyixiachangjushuruxingnengzenyang,5,37,10628.800,287.265,15572992,15572992,unavailable,15597568,5279744,5279744,unavailable,5279744,5279744,6639616
librime-1.17.0,track-a-comparison,luna_pinyin,key_sequence_process_with_context,ceshiyixiachangjushuruxingnengzenyang,6,37,11332.100,306.273,15572992,15572992,unavailable,15597568,5279744,5279744,unavailable,5279744,5279744,6639616
librime-1.17.0,track-a-comparison,luna_pinyin,key_sequence_process_with_context,ceshiyixiachangjushuruxingnengzenyang,7,37,10639.600,287.557,15577088,15577088,unavailable,15597568,5279744,5279744,unavailable,5279744,5279744,6639616
librime-1.17.0,track-a-comparison,luna_pinyin,key_sequence_process_with_context,ceshiyixiachangjushuruxingnengzenyang,8,37,10717.600,289.665,15577088,15536128,unavailable,15597568,5279744,5181440,unavailable,5181440,5181440,6639616
librime-1.17.0,track-a-comparison,luna_pinyin,key_sequence_process_with_context,ceshiyixiachangjushuruxingnengzenyang,9,37,10697.200,289.114,15536128,15536128,unavailable,15597568,5181440,5181440,unavailable,5181440,5181440,6639616
librime-1.17.0,track-a-comparison,luna_pinyin,key_sequence_process_with_context,ceshiyixiachangjushuruxingnengzenyang,10,37,11258.000,304.270,15536128,15597568,unavailable,15597568,5181440,5279744,unavailable,5279744,5279744,6639616
librime-1.17.0,track-a-comparison,luna_pinyin,key_sequence_process_with_context,ceshiyixiachangjushuruxingnengzenyang,11,37,10732.300,290.062,15597568,15572992,unavailable,15597568,5279744,5279744,unavailable,5279744,5279744,6639616
librime-1.17.0,track-a-comparison,luna_pinyin,key_sequence_process_with_context,ceshiyixiachangjushuruxingnengzenyang,12,37,10662.000,288.162,15572992,15597568,unavailable,15597568,5279744,5279744,unavailable,5279744,5279744,6639616
librime-1.17.0,track-a-comparison,luna_pinyin,key_sequence_process_with_context,ceshiyixiachangjushuruxingnengzenyang,13,37,10691.000,288.946,15597568,15597568,unavailable,15597568,5279744,5279744,unavailable,5279744,5279744,6639616
librime-1.17.0,track-a-comparison,luna_pinyin,key_sequence_process_with_context,ceshiyixiachangjushuruxingnengzenyang,14,37,10756.800,290.724,15597568,15572992,unavailable,15597568,5279744,5279744,unavailable,5279744,5279744,6639616
librime-1.17.0,track-a-comparison,luna_pinyin,key_sequence_process_with_context,ceshiyixiachangjushuruxingnengzenyang,15,37,10668.900,288.349,15572992,15577088,unavailable,15597568,5279744,5279744,unavailable,5279744,5279744,6639616
librime-1.17.0,track-a-comparison,luna_pinyin,key_sequence_process_with_context,ceshiyixiachangjushuruxingnengzenyang,16,37,10731.200,290.032,15581184,15577088,unavailable,15597568,5279744,5279744,unavailable,5279744,5279744,6639616
librime-1.17.0,track-a-comparison,luna_pinyin,key_sequence_process_with_context,ceshiyixiachangjushuruxingnengzenyang,17,37,10649.600,287.827,15577088,15581184,unavailable,15597568,5279744,5279744,unavailable,5279744,5279744,6639616
librime-1.17.0,track-a-comparison,luna_pinyin,key_sequence_process_with_context,ceshiyixiachangjushuruxingnengzenyang,18,37,10750.700,290.559,15581184,15597568,unavailable,15597568,5279744,5279744,unavailable,5279744,5279744,6639616
librime-1.17.0,track-a-comparison,luna_pinyin,key_sequence_process_with_context,ceshiyixiachangjushuruxingnengzenyang,19,37,10707.200,289.384,15597568,15540224,unavailable,15597568,5279744,5181440,unavailable,5181440,5181440,6639616
librime-1.17.0,track-a-comparison,luna_pinyin,key_sequence_process_with_context,ceshiyixiachangjushuruxingnengzenyang,20,37,10652.600,287.908,15540224,15581184,unavailable,15597568,5181440,5279744,unavailable,5279744,5279744,6639616
librime-1.17.0,track-a-comparison,luna_pinyin,key_sequence_process_with_context,ceshiyixiachangjushuruxingnengzenyang,21,37,10638.000,287.514,15581184,15601664,unavailable,15601664,5279744,5279744,unavailable,5279744,5279744,6639616
librime-1.17.0,track-a-comparison,luna_pinyin,key_sequence_process_with_context,ceshiyixiachangjushuruxingnengzenyang,22,37,10762.400,290.876,15601664,15577088,unavailable,15601664,5279744,5279744,unavailable,5279744,5279744,6639616
librime-1.17.0,track-a-comparison,luna_pinyin,key_sequence_process_with_context,ceshiyixiachangjushuruxingnengzenyang,23,37,10646.500,287.743,15577088,15577088,unavailable,15601664,5279744,5279744,unavailable,5279744,5279744,6639616
librime-1.17.0,track-a-comparison,luna_pinyin,key_sequence_process_with_context,ceshiyixiachangjushuruxingnengzenyang,24,37,10644.000,287.676,15577088,15601664,unavailable,15601664,5279744,5279744,unavailable,5279744,5279744,6639616
librime-1.17.0,track-a-comparison,luna_pinyin,key_sequence_process_with_context,ceshiyixiachangjushuruxingnengzenyang,25,37,10733.500,290.095,15605760,15540224,unavailable,15605760,5279744,5181440,unavailable,5181440,5181440,6639616
librime-1.17.0,track-a-comparison,luna_pinyin,key_sequence_process_with_context,ceshiyixiachangjushuruxingnengzenyang,26,37,10688.300,288.873,15540224,15585280,unavailable,15605760,5181440,5279744,unavailable,5279744,5279744,6639616
librime-1.17.0,track-a-comparison,luna_pinyin,key_sequence_process_with_context,ceshiyixiachangjushuruxingnengzenyang,27,37,10701.900,289.241,15585280,15585280,unavailable,15605760,5279744,5279744,unavailable,5279744,5279744,6639616
librime-1.17.0,track-a-comparison,luna_pinyin,key_sequence_process_with_context,ceshiyixiachangjushuruxingnengzenyang,28,37,10671.000,288.405,15585280,15605760,unavailable,15605760,5279744,5279744,unavailable,5279744,5279744,6639616
librime-1.17.0,track-a-comparison,luna_pinyin,key_sequence_process_with_context,ceshiyixiachangjushuruxingnengzenyang,29,37,10650.000,287.838,15605760,15605760,unavailable,15605760,5279744,5279744,unavailable,5279744,5279744,6639616
librime-1.17.0,track-a-comparison,luna_pinyin,key_sequence_process_with_context,ceshiyixiachangjushuruxingnengzenyang,30,37,10650.000,287.838,15605760,15605760,unavailable,15605760,5279744,5279744,unavailable,5279744,5279744,6639616
librime-1.17.0,track-a-comparison,luna_pinyin,key_sequence_process_with_context,ceshiyixiachangjushuruxingnengzenyang,31,37,10617.600,286.962,15605760,15605760,unavailable,15605760,5279744,5279744,unavailable,5279744,5279744,6639616
librime-1.17.0,track-a-comparison,luna_pinyin,key_sequence_process_with_context,ceshiyixiachangjushuruxingnengzenyang,32,37,10718.700,289.695,15605760,15577088,unavailable,15605760,5279744,5279744,unavailable,5279744,5279744,6639616
librime-1.17.0,track-a-comparison,luna_pinyin,key_sequence_process_with_context,ceshiyixiachangjushuruxingnengzenyang,33,37,10719.500,289.716,15577088,15581184,unavailable,15605760,5279744,5279744,unavailable,5279744,5279744,6639616
librime-1.17.0,track-a-comparison,luna_pinyin,key_sequence_process_with_context,ceshiyixiachangjushuruxingnengzenyang,34,37,10614.700,286.884,15585280,15585280,unavailable,15605760,5279744,5279744,unavailable,5279744,5279744,6639616
librime-1.17.0,track-a-comparison,luna_pinyin,key_sequence_process_with_context,ceshiyixiachangjushuruxingnengzenyang,35,37,10646.400,287.741,15585280,15589376,unavailable,15605760,5279744,5279744,unavailable,5279744,5279744,6639616
librime-1.17.0,track-a-comparison,luna_pinyin,key_sequence_process_with_context,ceshiyixiachangjushuruxingnengzenyang,36,37,10708.400,289.416,15589376,15585280,unavailable,15605760,5279744,5279744,unavailable,5279744,5279744,6639616
librime-1.17.0,track-a-comparison,luna_pinyin,key_sequence_process_with_context,ceshiyixiachangjushuruxingnengzenyang,37,37,10611.200,286.789,15585280,15585280,unavailable,15605760,5279744,5279744,unavailable,5279744,5279744,6639616
librime-1.17.0,track-a-comparison,luna_pinyin,key_sequence_process_with_context,ceshiyixiachangjushuruxingnengzenyang,38,37,10647.400,287.768,15585280,15609856,unavailable,15609856,5279744,5279744,unavailable,5279744,5279744,6639616
librime-1.17.0,track-a-comparison,luna_pinyin,key_sequence_process_with_context,ceshiyixiachangjushuruxingnengzenyang,39,37,10607.600,286.692,15609856,15609856,unavailable,15609856,5279744,5279744,unavailable,5279744,5279744,6639616
librime-1.17.0,track-a-comparison,luna_pinyin,key_sequence_process_with_context,ceshiyixiachangjushuruxingnengzenyang,40,37,10619.000,287.000,15609856,15609856,unavailable,15609856,5279744,5279744,unavailable,5279744,5279744,6639616
librime-1.17.0,track-a-comparison,luna_pinyin,key_sequence_process_with_context,ceshiyixiachangjushuruxingnengzenyang,41,37,10597.000,286.405,15609856,15609856,unavailable,15609856,5279744,5279744,unavailable,5279744,5279744,6639616
librime-1.17.0,track-a-comparison,luna_pinyin,key_sequence_process_with_context,ceshiyixiachangjushuruxingnengzenyang,42,37,10614.900,286.889,15609856,15609856,unavailable,15609856,5279744,5279744,unavailable,5279744,5279744,6639616
librime-1.17.0,track-a-comparison,luna_pinyin,key_sequence_process_with_context,ceshiyixiachangjushuruxingnengzenyang,43,37,10726.300,289.900,15613952,15589376,unavailable,15613952,5279744,5279744,unavailable,5279744,5279744,6639616
librime-1.17.0,track-a-comparison,luna_pinyin,key_sequence_process_with_context,ceshiyixiachangjushuruxingnengzenyang,44,37,10623.700,287.127,15589376,15589376,unavailable,15613952,5279744,5279744,unavailable,5279744,5279744,6639616
librime-1.17.0,track-a-comparison,luna_pinyin,key_sequence_process_with_context,ceshiyixiachangjushuruxingnengzenyang,45,37,10613.300,286.846,15589376,15589376,unavailable,15613952,5279744,5279744,unavailable,5279744,5279744,6639616
librime-1.17.0,track-a-comparison,luna_pinyin,key_sequence_process_with_context,ceshiyixiachangjushuruxingnengzenyang,46,37,10726.200,289.897,15589376,15704064,unavailable,15704064,5279744,5406720,unavailable,5406720,5406720,6639616
librime-1.17.0,track-a-comparison,luna_pinyin,key_sequence_process_with_context,ceshiyixiachangjushuruxingnengzenyang,47,37,10612.600,286.827,15704064,15712256,unavailable,15712256,5406720,5406720,unavailable,5406720,5406720,6639616
librime-1.17.0,track-a-comparison,luna_pinyin,key_sequence_process_with_context,ceshiyixiachangjushuruxingnengzenyang,48,37,10604.100,286.597,15712256,15716352,unavailable,15716352,5406720,5406720,unavailable,5406720,5406720,6639616
librime-1.17.0,track-a-comparison,luna_pinyin,key_sequence_process_with_context,ceshiyixiachangjushuruxingnengzenyang,49,37,10751.200,290.573,15716352,15716352,unavailable,15716352,5406720,5406720,unavailable,5406720,5406720,6639616
librime-1.17.0,track-a-comparison,luna_pinyin,key_sequence_process_with_context,ceshiyixiachangjushuruxingnengzenyang,50,37,10711.300,289.495,15716352,15712256,unavailable,15716352,5406720,5406720,unavailable,5406720,5406720,6639616
librime-1.17.0,track-a-comparison,luna_pinyin,key_sequence_process_with_context,ceshiyixiachangjushuruxingnengzenyang,51,37,10659.100,288.084,15712256,15724544,unavailable,15724544,5406720,5406720,unavailable,5406720,5406720,6639616
librime-1.17.0,track-a-comparison,luna_pinyin,key_sequence_process_with_context,ceshiyixiachangjushuruxingnengzenyang,52,37,10816.000,292.324,15728640,15761408,unavailable,15761408,5406720,5406720,unavailable,5406720,5406720,6639616
librime-1.17.0,track-a-comparison,luna_pinyin,key_sequence_process_with_context,ceshiyixiachangjushuruxingnengzenyang,53,37,10729.600,289.989,15761408,15761408,unavailable,15761408,5406720,5406720,unavailable,5406720,5406720,6639616
librime-1.17.0,track-a-comparison,luna_pinyin,key_sequence_process_with_context,ceshiyixiachangjushuruxingnengzenyang,54,37,10770.800,291.103,15761408,15765504,unavailable,15765504,5406720,5406720,unavailable,5406720,5406720,6639616
librime-1.17.0,track-a-comparison,luna_pinyin,key_sequence_process_with_context,ceshiyixiachangjushuruxingnengzenyang,55,37,10869.500,293.770,15765504,15736832,unavailable,15765504,5406720,5406720,unavailable,5406720,5406720,6639616
librime-1.17.0,track-a-comparison,luna_pinyin,key_sequence_process_with_context,ceshiyixiachangjushuruxingnengzenyang,56,37,10788.800,291.589,15736832,15761408,unavailable,15765504,5406720,5406720,unavailable,5406720,5406720,6639616
librime-1.17.0,track-a-comparison,luna_pinyin,key_sequence_process_with_context,ceshiyixiachangjushuruxingnengzenyang,57,37,10899.900,294.592,15761408,15765504,unavailable,15765504,5406720,5406720,unavailable,5406720,5406720,6639616
librime-1.17.0,track-a-comparison,luna_pinyin,key_sequence_process_with_context,ceshiyixiachangjushuruxingnengzenyang,58,37,10691.900,288.970,15765504,15765504,unavailable,15765504,5406720,5406720,unavailable,5406720,5406720,6639616
librime-1.17.0,track-a-comparison,luna_pinyin,key_sequence_process_with_context,ceshiyixiachangjushuruxingnengzenyang,59,37,11338.300,306.441,15765504,15765504,unavailable,15765504,5406720,5406720,unavailable,5406720,5406720,6639616
librime-1.17.0,track-a-comparison,luna_pinyin,key_sequence_process_with_context,ceshiyixiachangjushuruxingnengzenyang,60,37,11208.900,302.943,15765504,15765504,unavailable,15765504,5406720,5406720,unavailable,5406720,5406720,6639616
librime-1.17.0,track-a-comparison,luna_pinyin,key_sequence_process_with_context,ceshiyixiachangjushuruxingnengzenyang,61,37,10938.000,295.622,15769600,15769600,unavailable,15769600,5406720,5406720,unavailable,5406720,5406720,6639616
librime-1.17.0,track-a-comparison,luna_pinyin,key_sequence_process_with_context,ceshiyixiachangjushuruxingnengzenyang,62,37,10773.700,291.181,15769600,15724544,unavailable,15769600,5406720,5406720,unavailable,5406720,5406720,6639616
librime-1.17.0,track-a-comparison,luna_pinyin,key_sequence_process_with_context,ceshiyixiachangjushuruxingnengzenyang,63,37,10735.100,290.138,15724544,15724544,unavailable,15769600,5406720,5406720,unavailable,5406720,5406720,6639616
librime-1.17.0,track-a-comparison,luna_pinyin,key_sequence_process_with_context,ceshiyixiachangjushuruxingnengzenyang,64,37,11150.200,301.357,15724544,15724544,unavailable,15769600,5406720,5406720,unavailable,5406720,5406720,6639616
librime-1.17.0,track-a-comparison,luna_pinyin,key_sequence_process_with_context,ceshiyixiachangjushuruxingnengzenyang,65,37,10721.700,289.776,15724544,15724544,unavailable,15769600,5406720,5406720,unavailable,5406720,5406720,6639616
librime-1.17.0,track-a-comparison,luna_pinyin,key_sequence_process_with_context,ceshiyixiachangjushuruxingnengzenyang,66,37,10609.200,286.735,15724544,15724544,unavailable,15769600,5406720,5406720,unavailable,5406720,5406720,6639616
librime-1.17.0,track-a-comparison,luna_pinyin,key_sequence_process_with_context,ceshiyixiachangjushuruxingnengzenyang,67,37,11116.900,300.457,15724544,15720448,unavailable,15769600,5406720,5406720,unavailable,5406720,5406720,6639616
librime-1.17.0,track-a-comparison,luna_pinyin,key_sequence_process_with_context,ceshiyixiachangjushuruxingnengzenyang,68,37,10935.600,295.557,15720448,15724544,unavailable,15769600,5406720,5406720,unavailable,5406720,5406720,6639616
librime-1.17.0,track-a-comparison,luna_pinyin,key_sequence_process_with_context,ceshiyixiachangjushuruxingnengzenyang,69,37,10859.200,293.492,15724544,15724544,unavailable,15769600,5406720,5406720,unavailable,5406720,5406720,6639616
librime-1.17.0,track-a-comparison,luna_pinyin,key_sequence_process_with_context,ceshiyixiachangjushuruxingnengzenyang,70,37,11103.800,300.103,15728640,15720448,unavailable,15769600,5406720,5406720,unavailable,5406720,5406720,6639616
librime-1.17.0,track-a-comparison,luna_pinyin,key_sequence_process_with_context,ceshiyixiachangjushuruxingnengzenyang,71,37,10962.600,296.286,15720448,15773696,unavailable,15773696,5406720,5406720,unavailable,5406720,5406720,6639616
librime-1.17.0,track-a-comparison,luna_pinyin,key_sequence_process_with_context,ceshiyixiachangjushuruxingnengzenyang,72,37,10922.200,295.195,15773696,15773696,unavailable,15773696,5406720,5406720,unavailable,5406720,5406720,6639616
librime-1.17.0,track-a-comparison,luna_pinyin,key_sequence_process_with_context,ceshiyixiachangjushuruxingnengzenyang,73,37,10932.200,295.465,15773696,15773696,unavailable,15773696,5406720,5406720,unavailable,5406720,5406720,6639616
librime-1.17.0,track-a-comparison,luna_pinyin,key_sequence_process_with_context,ceshiyixiachangjushuruxingnengzenyang,74,37,10948.200,295.897,15773696,15773696,unavailable,15773696,5406720,5406720,unavailable,5406720,5406720,6639616
librime-1.17.0,track-a-comparison,luna_pinyin,key_sequence_process_with_context,ceshiyixiachangjushuruxingnengzenyang,75,37,10944.000,295.784,15773696,15773696,unavailable,15773696,5406720,5406720,unavailable,5406720,5406720,6639616
librime-1.17.0,track-a-comparison,luna_pinyin,key_sequence_process_with_context,ceshiyixiachangjushuruxingnengzenyang,76,37,10967.000,296.405,15773696,15773696,unavailable,15773696,5406720,5406720,unavailable,5406720,5406720,6639616
librime-1.17.0,track-a-comparison,luna_pinyin,key_sequence_process_with_context,ceshiyixiachangjushuruxingnengzenyang,77,37,10947.300,295.873,15773696,15773696,unavailable,15773696,5406720,5406720,unavailable,5406720,5406720,6639616
librime-1.17.0,track-a-comparison,luna_pinyin,key_sequence_process_with_context,ceshiyixiachangjushuruxingnengzenyang,78,37,10937.500,295.608,15773696,15773696,unavailable,15773696,5406720,5406720,unavailable,5406720,5406720,6639616
librime-1.17.0,track-a-comparison,luna_pinyin,key_sequence_process_with_context,ceshiyixiachangjushuruxingnengzenyang,79,37,10976.400,296.659,15777792,15777792,unavailable,15777792,5406720,5406720,unavailable,5406720,5406720,6639616
librime-1.17.0,track-a-comparison,luna_pinyin,key_sequence_process_with_context,zhegeyinqingqishiyinggaizhichichaochangjuzishurucainengyong,0,59,40256.600,682.315,16744448,16465920,unavailable,16777216,5783552,5480448,unavailable,5480448,5480448,7147520
librime-1.17.0,track-a-comparison,luna_pinyin,key_sequence_process_with_context,zhegeyinqingqishiyinggaizhichichaochangjuzishurucainengyong,1,59,40551.700,687.317,16465920,16736256,unavailable,16777216,5480448,5783552,unavailable,5783552,5783552,7147520
librime-1.17.0,track-a-comparison,luna_pinyin,key_sequence_process_with_context,zhegeyinqingqishiyinggaizhichichaochangjuzishurucainengyong,2,59,40331.700,683.588,16736256,16732160,unavailable,16777216,5783552,5783552,unavailable,5783552,5783552,7147520
librime-1.17.0,track-a-comparison,luna_pinyin,key_sequence_process_with_context,zhegeyinqingqishiyinggaizhichichaochangjuzishurucainengyong,3,59,39862.700,675.639,16732160,16748544,unavailable,16777216,5783552,5783552,unavailable,5783552,5783552,7147520
librime-1.17.0,track-a-comparison,luna_pinyin,key_sequence_process_with_context,zhegeyinqingqishiyinggaizhichichaochangjuzishurucainengyong,4,59,39948.100,677.086,16748544,16736256,unavailable,16777216,5783552,5783552,unavailable,5783552,5783552,7147520
librime-1.17.0,track-a-comparison,luna_pinyin,key_sequence_process_with_context,zhegeyinqingqishiyinggaizhichichaochangjuzishurucainengyong,5,59,40239.800,682.031,16736256,16719872,unavailable,16777216,5783552,5783552,unavailable,5783552,5783552,7147520
librime-1.17.0,track-a-comparison,luna_pinyin,key_sequence_process_with_context,zhegeyinqingqishiyinggaizhichichaochangjuzishurucainengyong,6,59,40114.900,679.914,16719872,16703488,unavailable,16777216,5783552,5783552,unavailable,5783552,5783552,7147520
librime-1.17.0,track-a-comparison,luna_pinyin,key_sequence_process_with_context,zhegeyinqingqishiyinggaizhichichaochangjuzishurucainengyong,7,59,39899.100,676.256,16703488,16699392,unavailable,16777216,5783552,5783552,unavailable,5783552,5783552,7147520
librime-1.17.0,track-a-comparison,luna_pinyin,key_sequence_process_with_context,zhegeyinqingqishiyinggaizhichichaochangjuzishurucainengyong,8,59,39979.900,677.625,16703488,16474112,unavailable,16777216,5783552,5484544,unavailable,5484544,5484544,7147520
librime-1.17.0,track-a-comparison,luna_pinyin,key_sequence_process_with_context,zhegeyinqingqishiyinggaizhichichaochangjuzishurucainengyong,9,59,39717.500,673.178,16474112,16744448,unavailable,16777216,5484544,5783552,unavailable,5783552,5783552,7147520
librime-1.17.0,track-a-comparison,luna_pinyin,key_sequence_process_with_context,zhegeyinqingqishiyinggaizhichichaochangjuzishurucainengyong,10,59,39980.300,677.632,16744448,16748544,unavailable,16777216,5783552,5873664,unavailable,5873664,5873664,7147520
librime-1.17.0,track-a-comparison,luna_pinyin,key_sequence_process_with_context,zhegeyinqingqishiyinggaizhichichaochangjuzishurucainengyong,11,59,40077.500,679.280,16748544,16703488,unavailable,16777216,5873664,5775360,unavailable,5775360,5775360,7147520
librime-1.17.0,track-a-comparison,luna_pinyin,key_sequence_process_with_context,zhegeyinqingqishiyinggaizhichichaochangjuzishurucainengyong,12,59,40084.900,679.405,16703488,16707584,unavailable,16777216,5775360,5783552,unavailable,5783552,5783552,7147520
librime-1.17.0,track-a-comparison,luna_pinyin,key_sequence_process_with_context,zhegeyinqingqishiyinggaizhichichaochangjuzishurucainengyong,13,59,40973.700,694.469,16707584,16723968,unavailable,16777216,5783552,5783552,unavailable,5783552,5783552,7147520
librime-1.17.0,track-a-comparison,luna_pinyin,key_sequence_process_with_context,zhegeyinqingqishiyinggaizhichichaochangjuzishurucainengyong,14,59,39635.600,671.790,16723968,16732160,unavailable,16777216,5783552,5783552,unavailable,5783552,5783552,7147520
librime-1.17.0,track-a-comparison,luna_pinyin,key_sequence_process_with_context,zhegeyinqingqishiyinggaizhichichaochangjuzishurucainengyong,15,59,39937.600,676.908,16732160,16728064,unavailable,16801792,5783552,5783552,unavailable,5783552,5783552,7147520
librime-1.17.0,track-a-comparison,luna_pinyin,key_sequence_process_with_context,zhegeyinqingqishiyinggaizhichichaochangjuzishurucainengyong,16,59,39951.100,677.137,16732160,16695296,unavailable,16801792,5783552,5783552,unavailable,5783552,5783552,7147520
librime-1.17.0,track-a-comparison,luna_pinyin,key_sequence_process_with_context,zhegeyinqingqishiyinggaizhichichaochangjuzishurucainengyong,17,59,39665.900,672.303,16695296,16801792,unavailable,16801792,5783552,5873664,unavailable,5873664,5873664,7147520
librime-1.17.0,track-a-comparison,luna_pinyin,key_sequence_process_with_context,zhegeyinqingqishiyinggaizhichichaochangjuzishurucainengyong,18,59,39847.200,675.376,16801792,16699392,unavailable,16801792,5873664,5783552,unavailable,5783552,5783552,7147520
librime-1.17.0,track-a-comparison,luna_pinyin,key_sequence_process_with_context,zhegeyinqingqishiyinggaizhichichaochangjuzishurucainengyong,19,59,39847.800,675.386,16699392,16760832,unavailable,16809984,5783552,5873664,unavailable,5873664,5873664,7147520
librime-1.17.0,track-a-comparison,luna_pinyin,key_sequence_process_with_context,zhegeyinqingqishiyinggaizhichichaochangjuzishurucainengyong,20,59,40016.200,678.241,16760832,16732160,unavailable,16809984,5873664,5783552,unavailable,5783552,5783552,7147520
librime-1.17.0,track-a-comparison,luna_pinyin,key_sequence_process_with_context,zhegeyinqingqishiyinggaizhichichaochangjuzishurucainengyong,21,59,39823.400,674.973,16732160,16744448,unavailable,16809984,5783552,5783552,unavailable,5783552,5783552,7147520
librime-1.17.0,track-a-comparison,luna_pinyin,key_sequence_process_with_context,zhegeyinqingqishiyinggaizhichichaochangjuzishurucainengyong,22,59,39819.500,674.907,16744448,16719872,unavailable,16809984,5783552,5783552,unavailable,5783552,5783552,7147520
librime-1.17.0,track-a-comparison,luna_pinyin,key_sequence_process_with_context,zhegeyinqingqishiyinggaizhichichaochangjuzishurucainengyong,23,59,40086.500,679.432,16719872,16785408,unavailable,16809984,5783552,5869568,unavailable,5869568,5869568,7147520
librime-1.17.0,track-a-comparison,luna_pinyin,key_sequence_process_with_context,zhegeyinqingqishiyinggaizhichichaochangjuzishurucainengyong,24,59,39982.100,677.663,16785408,16707584,unavailable,16809984,5869568,5783552,unavailable,5783552,5783552,7147520
librime-1.17.0,track-a-comparison,luna_pinyin,key_sequence_process_with_context,zhegeyinqingqishiyinggaizhichichaochangjuzishurucainengyong,25,59,39921.700,676.639,16711680,16822272,unavailable,16822272,5783552,5873664,unavailable,5873664,5873664,7147520
librime-1.17.0,track-a-comparison,luna_pinyin,key_sequence_process_with_context,zhegeyinqingqishiyinggaizhichichaochangjuzishurucainengyong,26,59,40140.600,680.349,16822272,16760832,unavailable,16822272,5873664,5853184,unavailable,5853184,5853184,7147520
librime-1.17.0,track-a-comparison,luna_pinyin,key_sequence_process_with_context,zhegeyinqingqishiyinggaizhichichaochangjuzishurucainengyong,27,59,39941.900,676.981,16760832,16756736,unavailable,16826368,5853184,5873664,unavailable,5873664,5873664,7147520
librime-1.17.0,track-a-comparison,luna_pinyin,key_sequence_process_with_context,zhegeyinqingqishiyinggaizhichichaochangjuzishurucainengyong,28,59,40096.500,679.602,16756736,16703488,unavailable,16826368,5873664,5783552,unavailable,5783552,5783552,7147520
librime-1.17.0,track-a-comparison,luna_pinyin,key_sequence_process_with_context,zhegeyinqingqishiyinggaizhichichaochangjuzishurucainengyong,29,59,39864.900,675.676,16703488,16801792,unavailable,16826368,5783552,5873664,unavailable,5873664,5873664,7147520
librime-1.17.0,track-a-comparison,luna_pinyin,key_sequence_process_with_context,zhegeyinqingqishiyinggaizhichichaochangjuzishurucainengyong,30,59,39911.500,676.466,16801792,16445440,unavailable,16826368,5873664,5443584,unavailable,5443584,5443584,7147520
librime-1.17.0,track-a-comparison,luna_pinyin,key_sequence_process_with_context,zhegeyinqingqishiyinggaizhichichaochangjuzishurucainengyong,31,59,39768.400,674.041,16445440,16814080,unavailable,16826368,5443584,5873664,unavailable,5873664,5873664,7147520
librime-1.17.0,track-a-comparison,luna_pinyin,key_sequence_process_with_context,zhegeyinqingqishiyinggaizhichichaochangjuzishurucainengyong,32,59,39835.600,675.180,16814080,16793600,unavailable,16826368,5873664,5873664,unavailable,5873664,5873664,7147520
librime-1.17.0,track-a-comparison,luna_pinyin,key_sequence_process_with_context,zhegeyinqingqishiyinggaizhichichaochangjuzishurucainengyong,33,59,39870.400,675.769,16793600,16781312,unavailable,16842752,5873664,5873664,unavailable,5873664,5873664,7147520
librime-1.17.0,track-a-comparison,luna_pinyin,key_sequence_process_with_context,zhegeyinqingqishiyinggaizhichichaochangjuzishurucainengyong,34,59,40032.200,678.512,16785408,16863232,unavailable,16863232,5873664,5873664,unavailable,5873664,5873664,7147520
librime-1.17.0,track-a-comparison,luna_pinyin,key_sequence_process_with_context,zhegeyinqingqishiyinggaizhichichaochangjuzishurucainengyong,35,59,39860.200,675.597,16863232,16556032,unavailable,16875520,5873664,5550080,unavailable,5550080,5550080,7147520
librime-1.17.0,track-a-comparison,luna_pinyin,key_sequence_process_with_context,zhegeyinqingqishiyinggaizhichichaochangjuzishurucainengyong,36,59,39922.300,676.649,16556032,16809984,unavailable,16875520,5550080,5873664,unavailable,5873664,5873664,7147520
librime-1.17.0,track-a-comparison,luna_pinyin,key_sequence_process_with_context,zhegeyinqingqishiyinggaizhichichaochangjuzishurucainengyong,37,59,39932.700,676.825,16809984,16850944,unavailable,16875520,5873664,5873664,unavailable,5873664,5873664,7147520
librime-1.17.0,track-a-comparison,luna_pinyin,key_sequence_process_with_context,zhegeyinqingqishiyinggaizhichichaochangjuzishurucainengyong,38,59,40005.900,678.066,16850944,16818176,unavailable,16875520,5873664,5873664,unavailable,5873664,5873664,7147520
librime-1.17.0,track-a-comparison,luna_pinyin,key_sequence_process_with_context,zhegeyinqingqishiyinggaizhichichaochangjuzishurucainengyong,39,59,39928.900,676.761,16818176,16781312,unavailable,16875520,5873664,5873664,unavailable,5873664,5873664,7147520
librime-1.17.0,track-a-comparison,luna_pinyin,key_sequence_process_with_context,zhegeyinqingqishiyinggaizhichichaochangjuzishurucainengyong,40,59,40109.100,679.815,16781312,16781312,unavailable,16875520,5873664,5861376,unavailable,5861376,5861376,7147520
librime-1.17.0,track-a-comparison,luna_pinyin,key_sequence_process_with_context,zhegeyinqingqishiyinggaizhichichaochangjuzishurucainengyong,41,59,39986.100,677.731,16781312,16818176,unavailable,16875520,5861376,5873664,unavailable,5873664,5873664,7147520
librime-1.17.0,track-a-comparison,luna_pinyin,key_sequence_process_with_context,zhegeyinqingqishiyinggaizhichichaochangjuzishurucainengyong,42,59,40612.500,688.347,16818176,16793600,unavailable,16875520,5873664,5873664,unavailable,5873664,5873664,7147520
librime-1.17.0,track-a-comparison,luna_pinyin,key_sequence_process_with_context,zhegeyinqingqishiyinggaizhichichaochangjuzishurucainengyong,43,59,39739.100,673.544,16793600,16809984,unavailable,16875520,5873664,5873664,unavailable,5873664,5873664,7147520
librime-1.17.0,track-a-comparison,luna_pinyin,key_sequence_process_with_context,zhegeyinqingqishiyinggaizhichichaochangjuzishurucainengyong,44,59,39615.500,671.449,17088512,16564224,unavailable,17137664,6344704,5746688,unavailable,5746688,5746688,7147520
librime-1.17.0,track-a-comparison,luna_pinyin,key_sequence_process_with_context,zhegeyinqingqishiyinggaizhichichaochangjuzishurucainengyong,45,59,39701.800,672.912,16564224,16846848,unavailable,17137664,5746688,6086656,unavailable,6086656,6086656,7147520
librime-1.17.0,track-a-comparison,luna_pinyin,key_sequence_process_with_context,zhegeyinqingqishiyinggaizhichichaochangjuzishurucainengyong,46,59,39856.500,675.534,16846848,16809984,unavailable,17137664,6086656,6070272,unavailable,6070272,6070272,7147520
librime-1.17.0,track-a-comparison,luna_pinyin,key_sequence_process_with_context,zhegeyinqingqishiyinggaizhichichaochangjuzishurucainengyong,47,59,39636.900,671.812,16809984,16924672,unavailable,17137664,6070272,6447104,unavailable,6447104,6447104,7147520
librime-1.17.0,track-a-comparison,luna_pinyin,key_sequence_process_with_context,zhegeyinqingqishiyinggaizhichichaochangjuzishurucainengyong,48,59,39692.400,672.753,16924672,16867328,unavailable,17137664,6447104,6049792,unavailable,6049792,6049792,7147520
librime-1.17.0,track-a-comparison,luna_pinyin,key_sequence_process_with_context,zhegeyinqingqishiyinggaizhichichaochangjuzishurucainengyong,49,59,39853.700,675.486,16867328,16887808,unavailable,17137664,6049792,6152192,unavailable,6152192,6152192,7147520
librime-1.17.0,track-a-comparison,luna_pinyin,key_sequence_process_with_context,zhegeyinqingqishiyinggaizhichichaochangjuzishurucainengyong,50,59,40774.600,691.095,16887808,16842752,unavailable,17137664,6152192,6049792,unavailable,6049792,6049792,7147520
librime-1.17.0,track-a-comparison,luna_pinyin,key_sequence_process_with_context,zhegeyinqingqishiyinggaizhichichaochangjuzishurucainengyong,51,59,40903.400,693.278,16842752,16908288,unavailable,17137664,6049792,6152192,unavailable,6152192,6152192,7147520
librime-1.17.0,track-a-comparison,luna_pinyin,key_sequence_process_with_context,zhegeyinqingqishiyinggaizhichichaochangjuzishurucainengyong,52,59,40091.200,679.512,16908288,16850944,unavailable,17137664,6152192,6049792,unavailable,6049792,6049792,7147520
librime-1.17.0,track-a-comparison,luna_pinyin,key_sequence_process_with_context,zhegeyinqingqishiyinggaizhichichaochangjuzishurucainengyong,53,59,40091.100,679.510,16850944,16900096,unavailable,17137664,6049792,6152192,unavailable,6152192,6152192,7147520
librime-1.17.0,track-a-comparison,luna_pinyin,key_sequence_process_with_context,zhegeyinqingqishiyinggaizhichichaochangjuzishurucainengyong,54,59,40167.000,680.797,16900096,16809984,unavailable,17137664,6152192,6049792,unavailable,6049792,6049792,7147520
librime-1.17.0,track-a-comparison,luna_pinyin,key_sequence_process_with_context,zhegeyinqingqishiyinggaizhichichaochangjuzishurucainengyong,55,59,40089.500,679.483,16809984,16834560,unavailable,17137664,6049792,6135808,unavailable,6135808,6135808,7147520
librime-1.17.0,track-a-comparison,luna_pinyin,key_sequence_process_with_context,zhegeyinqingqishiyinggaizhichichaochangjuzishurucainengyong,56,59,40267.400,682.498,16834560,16875520,unavailable,17137664,6135808,6152192,unavailable,6152192,6152192,7147520
librime-1.17.0,track-a-comparison,luna_pinyin,key_sequence_process_with_context,zhegeyinqingqishiyinggaizhichichaochangjuzishurucainengyong,57,59,40103.600,679.722,16875520,16904192,unavailable,17137664,6152192,6152192,unavailable,6152192,6152192,7147520
librime-1.17.0,track-a-comparison,luna_pinyin,key_sequence_process_with_context,zhegeyinqingqishiyinggaizhichichaochangjuzishurucainengyong,58,59,40350.400,683.905,16904192,16809984,unavailable,17137664,6152192,6045696,unavailable,6045696,6045696,7147520
librime-1.17.0,track-a-comparison,luna_pinyin,key_sequence_process_with_context,zhegeyinqingqishiyinggaizhichichaochangjuzishurucainengyong,59,59,40236.000,681.966,16809984,16855040,unavailable,17137664,6045696,6049792,unavailable,6049792,6049792,7147520
librime-1.17.0,track-a-comparison,luna_pinyin,key_sequence_process_with_context,zhegeyinqingqishiyinggaizhichichaochangjuzishurucainengyong,60,59,40395.500,684.669,16855040,16863232,unavailable,17137664,6049792,6139904,unavailable,6139904,6139904,7147520
librime-1.17.0,track-a-comparison,luna_pinyin,key_sequence_process_with_context,zhegeyinqingqishiyinggaizhichichaochangjuzishurucainengyong,61,59,40270.200,682.546,16863232,16842752,unavailable,17137664,6139904,6049792,unavailable,6049792,6049792,7147520
librime-1.17.0,track-a-comparison,luna_pinyin,key_sequence_process_with_context,zhegeyinqingqishiyinggaizhichichaochangjuzishurucainengyong,62,59,40402.600,684.790,16842752,16834560,unavailable,17137664,6049792,6127616,unavailable,6127616,6127616,7147520
librime-1.17.0,track-a-comparison,luna_pinyin,key_sequence_process_with_context,zhegeyinqingqishiyinggaizhichichaochangjuzishurucainengyong,63,59,42788.300,725.225,16834560,16822272,unavailable,17137664,6127616,6049792,unavailable,6049792,6049792,7147520
librime-1.17.0,track-a-comparison,luna_pinyin,key_sequence_process_with_context,zhegeyinqingqishiyinggaizhichichaochangjuzishurucainengyong,64,59,41116.300,696.886,16822272,16551936,unavailable,17137664,6049792,5734400,unavailable,5734400,5734400,7147520
librime-1.17.0,track-a-comparison,luna_pinyin,key_sequence_process_with_context,zhegeyinqingqishiyinggaizhichichaochangjuzishurucainengyong,65,59,41178.800,697.946,16551936,16891904,unavailable,17137664,5734400,6152192,unavailable,6152192,6152192,7147520
librime-1.17.0,track-a-comparison,luna_pinyin,key_sequence_process_with_context,zhegeyinqingqishiyinggaizhichichaochangjuzishurucainengyong,66,59,40008.800,678.115,16891904,16887808,unavailable,17137664,6152192,6152192,unavailable,6152192,6152192,7147520
librime-1.17.0,track-a-comparison,luna_pinyin,key_sequence_process_with_context,zhegeyinqingqishiyinggaizhichichaochangjuzishurucainengyong,67,59,40023.300,678.361,16887808,16904192,unavailable,17137664,6152192,6152192,unavailable,6152192,6152192,7147520
librime-1.17.0,track-a-comparison,luna_pinyin,key_sequence_process_with_context,zhegeyinqingqishiyinggaizhichichaochangjuzishurucainengyong,68,59,39984.700,677.707,16904192,16891904,unavailable,17137664,6152192,6152192,unavailable,6152192,6152192,7147520
librime-1.17.0,track-a-comparison,luna_pinyin,key_sequence_process_with_context,zhegeyinqingqishiyinggaizhichichaochangjuzishurucainengyong,69,59,40093.400,679.549,16891904,16896000,unavailable,17137664,6152192,6152192,unavailable,6152192,6152192,7147520
librime-1.17.0,track-a-comparison,luna_pinyin,key_sequence_process_with_context,zhegeyinqingqishiyinggaizhichichaochangjuzishurucainengyong,70,59,40032.900,678.524,16896000,16904192,unavailable,17137664,6152192,6152192,unavailable,6152192,6152192,7147520
librime-1.17.0,track-a-comparison,luna_pinyin,key_sequence_process_with_context,zhegeyinqingqishiyinggaizhichichaochangjuzishurucainengyong,71,59,40007.000,678.085,16904192,16879616,unavailable,17137664,6152192,6152192,unavailable,6152192,6152192,7147520
librime-1.17.0,track-a-comparison,luna_pinyin,key_sequence_process_with_context,zhegeyinqingqishiyinggaizhichichaochangjuzishurucainengyong,72,59,39963.400,677.346,16879616,16891904,unavailable,17137664,6152192,6152192,unavailable,6152192,6152192,7147520
librime-1.17.0,track-a-comparison,luna_pinyin,key_sequence_process_with_context,zhegeyinqingqishiyinggaizhichichaochangjuzishurucainengyong,73,59,39914.700,676.520,16891904,16900096,unavailable,17137664,6152192,6152192,unavailable,6152192,6152192,7147520
librime-1.17.0,track-a-comparison,luna_pinyin,key_sequence_process_with_context,zhegeyinqingqishiyinggaizhichichaochangjuzishurucainengyong,74,59,40342.100,683.764,16900096,16891904,unavailable,17137664,6152192,6152192,unavailable,6152192,6152192,7147520
librime-1.17.0,track-a-comparison,luna_pinyin,key_sequence_process_with_context,zhegeyinqingqishiyinggaizhichichaochangjuzishurucainengyong,75,59,39835.600,675.180,16891904,16863232,unavailable,17137664,6152192,6152192,unavailable,6152192,6152192,7147520
librime-1.17.0,track-a-comparison,luna_pinyin,key_sequence_process_with_context,zhegeyinqingqishiyinggaizhichichaochangjuzishurucainengyong,76,59,39946.000,677.051,16863232,16891904,unavailable,17137664,6152192,6152192,unavailable,6152192,6152192,7147520
librime-1.17.0,track-a-comparison,luna_pinyin,key_sequence_process_with_context,zhegeyinqingqishiyinggaizhichichaochangjuzishurucainengyong,77,59,40050.200,678.817,16891904,16838656,unavailable,17137664,6152192,6152192,unavailable,6152192,6152192,7147520
librime-1.17.0,track-a-comparison,luna_pinyin,key_sequence_process_with_context,zhegeyinqingqishiyinggaizhichichaochangjuzishurucainengyong,78,59,39965.000,677.373,16838656,16855040,unavailable,17137664,6152192,6152192,unavailable,6152192,6152192,7147520
librime-1.17.0,track-a-comparison,luna_pinyin,key_sequence_process_with_context,zhegeyinqingqishiyinggaizhichichaochangjuzishurucainengyong,79,59,39982.800,677.675,16855040,16867328,unavailable,17137664,6152192,6152192,unavailable,6152192,6152192,7147520
librime-1.17.0,track-a-comparison,luna_pinyin,key_sequence_process_with_context,cszysmsrsd,0,10,12137.700,1213.770,16089088,16089088,unavailable,17137664,6160384,6160384,unavailable,6160384,6160384,7356416
librime-1.17.0,track-a-comparison,luna_pinyin,key_sequence_process_with_context,cszysmsrsd,1,10,12156.000,1215.600,16089088,16089088,unavailable,17137664,6160384,6160384,unavailable,6160384,6160384,7356416
librime-1.17.0,track-a-comparison,luna_pinyin,key_sequence_process_with_context,cszysmsrsd,2,10,12119.900,1211.990,16089088,16089088,unavailable,17137664,6160384,6160384,unavailable,6160384,6160384,7356416
librime-1.17.0,track-a-comparison,luna_pinyin,key_sequence_process_with_context,cszysmsrsd,3,10,12145.300,1214.530,16089088,16097280,unavailable,17137664,6160384,6160384,unavailable,6160384,6160384,7356416
librime-1.17.0,track-a-comparison,luna_pinyin,key_sequence_process_with_context,cszysmsrsd,4,10,12135.000,1213.500,16097280,16097280,unavailable,17137664,6160384,6160384,unavailable,6160384,6160384,7356416
librime-1.17.0,track-a-comparison,luna_pinyin,key_sequence_process_with_context,cszysmsrsd,5,10,12200.400,1220.040,16097280,16097280,unavailable,17137664,6160384,6160384,unavailable,6160384,6160384,7356416
librime-1.17.0,track-a-comparison,luna_pinyin,key_sequence_process_with_context,cszysmsrsd,6,10,12136.400,1213.640,16097280,16097280,unavailable,17137664,6160384,6160384,unavailable,6160384,6160384,7356416
librime-1.17.0,track-a-comparison,luna_pinyin,key_sequence_process_with_context,cszysmsrsd,7,10,12115.600,1211.560,16097280,16097280,unavailable,17137664,6160384,6160384,unavailable,6160384,6160384,7356416
librime-1.17.0,track-a-comparison,luna_pinyin,key_sequence_process_with_context,cszysmsrsd,8,10,12146.600,1214.660,16097280,16097280,unavailable,17137664,6160384,6160384,unavailable,6160384,6160384,7356416
librime-1.17.0,track-a-comparison,luna_pinyin,key_sequence_process_with_context,cszysmsrsd,9,10,12117.800,1211.780,16097280,16097280,unavailable,17137664,6160384,6160384,unavailable,6160384,6160384,7356416
librime-1.17.0,track-a-comparison,luna_pinyin,key_sequence_process_with_context,cszysmsrsd,10,10,12128.400,1212.840,16097280,16097280,unavailable,17137664,6160384,6160384,unavailable,6160384,6160384,7356416
librime-1.17.0,track-a-comparison,luna_pinyin,key_sequence_process_with_context,cszysmsrsd,11,10,12143.700,1214.370,16097280,16097280,unavailable,17137664,6160384,6160384,unavailable,6160384,6160384,7356416
librime-1.17.0,track-a-comparison,luna_pinyin,key_sequence_process_with_context,cszysmsrsd,12,10,12144.800,1214.480,16097280,16097280,unavailable,17137664,6160384,6160384,unavailable,6160384,6160384,7356416
librime-1.17.0,track-a-comparison,luna_pinyin,key_sequence_process_with_context,cszysmsrsd,13,10,12152.400,1215.240,16097280,16097280,unavailable,17137664,6160384,6160384,unavailable,6160384,6160384,7356416
librime-1.17.0,track-a-comparison,luna_pinyin,key_sequence_process_with_context,cszysmsrsd,14,10,12265.400,1226.540,16097280,16003072,unavailable,17137664,6160384,5996544,unavailable,5996544,5996544,7356416
librime-1.17.0,track-a-comparison,luna_pinyin,key_sequence_process_with_context,cszysmsrsd,15,10,12146.300,1214.630,16003072,16003072,unavailable,17137664,5996544,5996544,unavailable,5996544,5996544,7356416
librime-1.17.0,track-a-comparison,luna_pinyin,key_sequence_process_with_context,cszysmsrsd,16,10,12145.800,1214.580,16003072,16003072,unavailable,17137664,5996544,5996544,unavailable,5996544,5996544,7356416
librime-1.17.0,track-a-comparison,luna_pinyin,key_sequence_process_with_context,cszysmsrsd,17,10,12138.800,1213.880,16003072,16003072,unavailable,17137664,5996544,5996544,unavailable,5996544,5996544,7356416
librime-1.17.0,track-a-comparison,luna_pinyin,key_sequence_process_with_context,cszysmsrsd,18,10,12152.500,1215.250,16003072,16015360,unavailable,17137664,5996544,6012928,unavailable,6012928,6012928,7356416
librime-1.17.0,track-a-comparison,luna_pinyin,key_sequence_process_with_context,cszysmsrsd,19,10,12329.000,1232.900,16015360,16015360,unavailable,17137664,6012928,6012928,unavailable,6012928,6012928,7356416
librime-1.17.0,track-a-comparison,luna_pinyin,key_sequence_process_with_context,cszysmsrsd,20,10,12129.300,1212.930,16015360,16015360,unavailable,17137664,6012928,6017024,unavailable,6017024,6017024,7356416
librime-1.17.0,track-a-comparison,luna_pinyin,key_sequence_process_with_context,cszysmsrsd,21,10,12097.200,1209.720,16015360,16015360,unavailable,17137664,6017024,6017024,unavailable,6017024,6017024,7356416
librime-1.17.0,track-a-comparison,luna_pinyin,key_sequence_process_with_context,cszysmsrsd,22,10,12103.700,1210.370,16015360,16015360,unavailable,17137664,6017024,6017024,unavailable,6017024,6017024,7356416
librime-1.17.0,track-a-comparison,luna_pinyin,key_sequence_process_with_context,cszysmsrsd,23,10,12097.800,1209.780,16015360,16019456,unavailable,17137664,6017024,6017024,unavailable,6017024,6017024,7356416
librime-1.17.0,track-a-comparison,luna_pinyin,key_sequence_process_with_context,cszysmsrsd,24,10,12130.000,1213.000,16019456,16019456,unavailable,17137664,6017024,6017024,unavailable,6017024,6017024,7356416
librime-1.17.0,track-a-comparison,luna_pinyin,key_sequence_process_with_context,cszysmsrsd,25,10,12112.100,1211.210,16019456,16019456,unavailable,17137664,6017024,6017024,unavailable,6017024,6017024,7356416
librime-1.17.0,track-a-comparison,luna_pinyin,key_sequence_process_with_context,cszysmsrsd,26,10,12123.200,1212.320,16019456,16019456,unavailable,17137664,6017024,6017024,unavailable,6017024,6017024,7356416
librime-1.17.0,track-a-comparison,luna_pinyin,key_sequence_process_with_context,cszysmsrsd,27,10,12104.200,1210.420,16019456,16019456,unavailable,17137664,6017024,6017024,unavailable,6017024,6017024,7356416
librime-1.17.0,track-a-comparison,luna_pinyin,key_sequence_process_with_context,cszysmsrsd,28,10,12125.700,1212.570,16019456,16019456,unavailable,17137664,6017024,6017024,unavailable,6017024,6017024,7356416
librime-1.17.0,track-a-comparison,luna_pinyin,key_sequence_process_with_context,cszysmsrsd,29,10,12200.200,1220.020,16019456,16019456,unavailable,17137664,6017024,6017024,unavailable,6017024,6017024,7356416
librime-1.17.0,track-a-comparison,luna_pinyin,key_sequence_process_with_context,cszysmsrsd,30,10,12146.600,1214.660,16019456,16019456,unavailable,17137664,6017024,6017024,unavailable,6017024,6017024,7356416
librime-1.17.0,track-a-comparison,luna_pinyin,key_sequence_process_with_context,cszysmsrsd,31,10,12147.800,1214.780,16019456,16019456,unavailable,17137664,6017024,6017024,unavailable,6017024,6017024,7356416
librime-1.17.0,track-a-comparison,luna_pinyin,key_sequence_process_with_context,cszysmsrsd,32,10,12166.100,1216.610,16019456,16019456,unavailable,17137664,6017024,6017024,unavailable,6017024,6017024,7356416
librime-1.17.0,track-a-comparison,luna_pinyin,key_sequence_process_with_context,cszysmsrsd,33,10,12162.900,1216.290,16019456,16019456,unavailable,17137664,6017024,6017024,unavailable,6017024,6017024,7356416
librime-1.17.0,track-a-comparison,luna_pinyin,key_sequence_process_with_context,cszysmsrsd,34,10,12169.900,1216.990,16019456,16023552,unavailable,17137664,6017024,6021120,unavailable,6021120,6021120,7356416
librime-1.17.0,track-a-comparison,luna_pinyin,key_sequence_process_with_context,cszysmsrsd,35,10,12173.100,1217.310,16023552,16023552,unavailable,17137664,6021120,6021120,unavailable,6021120,6021120,7356416
librime-1.17.0,track-a-comparison,luna_pinyin,key_sequence_process_with_context,cszysmsrsd,36,10,12162.300,1216.230,16023552,16023552,unavailable,17137664,6021120,6021120,unavailable,6021120,6021120,7356416
librime-1.17.0,track-a-comparison,luna_pinyin,key_sequence_process_with_context,cszysmsrsd,37,10,12449.800,1244.980,16023552,16023552,unavailable,17137664,6021120,6021120,unavailable,6021120,6021120,7356416
librime-1.17.0,track-a-comparison,luna_pinyin,key_sequence_process_with_context,cszysmsrsd,38,10,12195.400,1219.540,16023552,16023552,unavailable,17137664,6021120,6021120,unavailable,6021120,6021120,7356416
librime-1.17.0,track-a-comparison,luna_pinyin,key_sequence_process_with_context,cszysmsrsd,39,10,12175.000,1217.500,16023552,16023552,unavailable,17137664,6021120,6021120,unavailable,6021120,6021120,7356416
librime-1.17.0,track-a-comparison,luna_pinyin,key_sequence_process_with_context,cszysmsrsd,40,10,12180.700,1218.070,16023552,16023552,unavailable,17137664,6021120,6021120,unavailable,6021120,6021120,7356416
librime-1.17.0,track-a-comparison,luna_pinyin,key_sequence_process_with_context,cszysmsrsd,41,10,12207.100,1220.710,16023552,16023552,unavailable,17137664,6021120,6021120,unavailable,6021120,6021120,7356416
librime-1.17.0,track-a-comparison,luna_pinyin,key_sequence_process_with_context,cszysmsrsd,42,10,12207.100,1220.710,16023552,16023552,unavailable,17137664,6021120,6021120,unavailable,6021120,6021120,7356416
librime-1.17.0,track-a-comparison,luna_pinyin,key_sequence_process_with_context,cszysmsrsd,43,10,12225.600,1222.560,16023552,16023552,unavailable,17137664,6021120,6021120,unavailable,6021120,6021120,7356416
librime-1.17.0,track-a-comparison,luna_pinyin,key_sequence_process_with_context,cszysmsrsd,44,10,12193.200,1219.320,16023552,16023552,unavailable,17137664,6021120,6021120,unavailable,6021120,6021120,7356416
librime-1.17.0,track-a-comparison,luna_pinyin,key_sequence_process_with_context,cszysmsrsd,45,10,12180.200,1218.020,16023552,16023552,unavailable,17137664,6021120,6021120,unavailable,6021120,6021120,7356416
librime-1.17.0,track-a-comparison,luna_pinyin,key_sequence_process_with_context,cszysmsrsd,46,10,12191.400,1219.140,16023552,16023552,unavailable,17137664,6021120,6021120,unavailable,6021120,6021120,7356416
librime-1.17.0,track-a-comparison,luna_pinyin,key_sequence_process_with_context,cszysmsrsd,47,10,12190.300,1219.030,16023552,16023552,unavailable,17137664,6021120,6021120,unavailable,6021120,6021120,7356416
librime-1.17.0,track-a-comparison,luna_pinyin,key_sequence_process_with_context,cszysmsrsd,48,10,12201.400,1220.140,16023552,16023552,unavailable,17137664,6021120,6021120,unavailable,6021120,6021120,7356416
librime-1.17.0,track-a-comparison,luna_pinyin,key_sequence_process_with_context,cszysmsrsd,49,10,12194.300,1219.430,16023552,16023552,unavailable,17137664,6021120,6021120,unavailable,6021120,6021120,7356416
librime-1.17.0,track-a-comparison,luna_pinyin,key_sequence_process_with_context,cszysmsrsd,50,10,12221.300,1222.130,16023552,16023552,unavailable,17137664,6021120,6021120,unavailable,6021120,6021120,7356416
librime-1.17.0,track-a-comparison,luna_pinyin,key_sequence_process_with_context,cszysmsrsd,51,10,12234.700,1223.470,16023552,16023552,unavailable,17137664,6021120,6021120,unavailable,6021120,6021120,7356416
librime-1.17.0,track-a-comparison,luna_pinyin,key_sequence_process_with_context,cszysmsrsd,52,10,12202.600,1220.260,16023552,16023552,unavailable,17137664,6021120,6021120,unavailable,6021120,6021120,7356416
librime-1.17.0,track-a-comparison,luna_pinyin,key_sequence_process_with_context,cszysmsrsd,53,10,12182.400,1218.240,16023552,16023552,unavailable,17137664,6021120,6021120,unavailable,6021120,6021120,7356416
librime-1.17.0,track-a-comparison,luna_pinyin,key_sequence_process_with_context,cszysmsrsd,54,10,12181.200,1218.120,16023552,16023552,unavailable,17137664,6021120,6021120,unavailable,6021120,6021120,7356416
librime-1.17.0,track-a-comparison,luna_pinyin,key_sequence_process_with_context,cszysmsrsd,55,10,12173.800,1217.380,16023552,16023552,unavailable,17137664,6021120,6021120,unavailable,6021120,6021120,7356416
librime-1.17.0,track-a-comparison,luna_pinyin,key_sequence_process_with_context,cszysmsrsd,56,10,12237.600,1223.760,16023552,16023552,unavailable,17137664,6021120,6021120,unavailable,6021120,6021120,7356416
librime-1.17.0,track-a-comparison,luna_pinyin,key_sequence_process_with_context,cszysmsrsd,57,10,12204.400,1220.440,16023552,16023552,unavailable,17137664,6021120,6021120,unavailable,6021120,6021120,7356416
librime-1.17.0,track-a-comparison,luna_pinyin,key_sequence_process_with_context,cszysmsrsd,58,10,12190.000,1219.000,16023552,16023552,unavailable,17137664,6021120,6021120,unavailable,6021120,6021120,7356416
librime-1.17.0,track-a-comparison,luna_pinyin,key_sequence_process_with_context,cszysmsrsd,59,10,12220.200,1222.020,16089088,16089088,unavailable,17137664,6021120,6021120,unavailable,6021120,6021120,7356416
librime-1.17.0,track-a-comparison,luna_pinyin,key_sequence_process_with_context,cszysmsrsd,60,10,12224.200,1222.420,16089088,16089088,unavailable,17137664,6021120,6021120,unavailable,6021120,6021120,7356416
librime-1.17.0,track-a-comparison,luna_pinyin,key_sequence_process_with_context,cszysmsrsd,61,10,12206.400,1220.640,16089088,16089088,unavailable,17137664,6021120,6021120,unavailable,6021120,6021120,7356416
librime-1.17.0,track-a-comparison,luna_pinyin,key_sequence_process_with_context,cszysmsrsd,62,10,12199.000,1219.900,16089088,16089088,unavailable,17137664,6021120,6021120,unavailable,6021120,6021120,7356416
librime-1.17.0,track-a-comparison,luna_pinyin,key_sequence_process_with_context,cszysmsrsd,63,10,12204.800,1220.480,16089088,16089088,unavailable,17137664,6021120,6021120,unavailable,6021120,6021120,7356416
librime-1.17.0,track-a-comparison,luna_pinyin,key_sequence_process_with_context,cszysmsrsd,64,10,12211.200,1221.120,16089088,16089088,unavailable,17137664,6021120,6021120,unavailable,6021120,6021120,7356416
librime-1.17.0,track-a-comparison,luna_pinyin,key_sequence_process_with_context,cszysmsrsd,65,10,12183.200,1218.320,16089088,16089088,unavailable,17137664,6021120,6021120,unavailable,6021120,6021120,7356416
librime-1.17.0,track-a-comparison,luna_pinyin,key_sequence_process_with_context,cszysmsrsd,66,10,12172.800,1217.280,16089088,16089088,unavailable,17137664,6021120,6021120,unavailable,6021120,6021120,7356416
librime-1.17.0,track-a-comparison,luna_pinyin,key_sequence_process_with_context,cszysmsrsd,67,10,12197.500,1219.750,16089088,16089088,unavailable,17137664,6021120,6021120,unavailable,6021120,6021120,7356416
librime-1.17.0,track-a-comparison,luna_pinyin,key_sequence_process_with_context,cszysmsrsd,68,10,12198.400,1219.840,16089088,16089088,unavailable,17137664,6021120,6021120,unavailable,6021120,6021120,7356416
librime-1.17.0,track-a-comparison,luna_pinyin,key_sequence_process_with_context,cszysmsrsd,69,10,12185.600,1218.560,16089088,16089088,unavailable,17137664,6021120,6021120,unavailable,6021120,6021120,7356416
librime-1.17.0,track-a-comparison,luna_pinyin,key_sequence_process_with_context,cszysmsrsd,70,10,12210.000,1221.000,16089088,16089088,unavailable,17137664,6021120,6021120,unavailable,6021120,6021120,7356416
librime-1.17.0,track-a-comparison,luna_pinyin,key_sequence_process_with_context,cszysmsrsd,71,10,12193.600,1219.360,16089088,16093184,unavailable,17137664,6021120,6021120,unavailable,6021120,6021120,7356416
librime-1.17.0,track-a-comparison,luna_pinyin,key_sequence_process_with_context,cszysmsrsd,72,10,12200.500,1220.050,16093184,16093184,unavailable,17137664,6021120,6021120,unavailable,6021120,6021120,7356416
librime-1.17.0,track-a-comparison,luna_pinyin,key_sequence_process_with_context,cszysmsrsd,73,10,12190.000,1219.000,16093184,16093184,unavailable,17137664,6021120,6021120,unavailable,6021120,6021120,7356416
librime-1.17.0,track-a-comparison,luna_pinyin,key_sequence_process_with_context,cszysmsrsd,74,10,12209.700,1220.970,16093184,16093184,unavailable,17137664,6021120,6021120,unavailable,6021120,6021120,7356416
librime-1.17.0,track-a-comparison,luna_pinyin,key_sequence_process_with_context,cszysmsrsd,75,10,12197.200,1219.720,16093184,16093184,unavailable,17137664,6021120,6021120,unavailable,6021120,6021120,7356416
librime-1.17.0,track-a-comparison,luna_pinyin,key_sequence_process_with_context,cszysmsrsd,76,10,12194.000,1219.400,16093184,16093184,unavailable,17137664,6021120,6021120,unavailable,6021120,6021120,7356416
librime-1.17.0,track-a-comparison,luna_pinyin,key_sequence_process_with_context,cszysmsrsd,77,10,12227.100,1222.710,16093184,16093184,unavailable,17137664,6021120,6021120,unavailable,6021120,6021120,7356416
librime-1.17.0,track-a-comparison,luna_pinyin,key_sequence_process_with_context,cszysmsrsd,78,10,12217.600,1221.760,16093184,16093184,unavailable,17137664,6021120,6021120,unavailable,6021120,6021120,7356416
librime-1.17.0,track-a-comparison,luna_pinyin,key_sequence_process_with_context,cszysmsrsd,79,10,12248.100,1224.810,16093184,16093184,unavailable,17137664,6021120,6021120,unavailable,6021120,6021120,7356416
librime-1.17.0,track-a-comparison,luna_pinyin,key_sequence_process_with_context,zybfshmsru,0,10,8583.900,858.390,16011264,16011264,unavailable,17137664,6148096,6258688,unavailable,6258688,6258688,7770112
librime-1.17.0,track-a-comparison,luna_pinyin,key_sequence_process_with_context,zybfshmsru,1,10,8594.800,859.480,16011264,16011264,unavailable,17137664,6258688,6258688,unavailable,6258688,6258688,7770112
librime-1.17.0,track-a-comparison,luna_pinyin,key_sequence_process_with_context,zybfshmsru,2,10,8562.700,856.270,16011264,16011264,unavailable,17137664,6258688,6258688,unavailable,6258688,6258688,7770112
librime-1.17.0,track-a-comparison,luna_pinyin,key_sequence_process_with_context,zybfshmsru,3,10,8566.900,856.690,16011264,16011264,unavailable,17137664,6258688,6258688,unavailable,6258688,6258688,7770112
librime-1.17.0,track-a-comparison,luna_pinyin,key_sequence_process_with_context,zybfshmsru,4,10,8577.600,857.760,16011264,16015360,unavailable,17137664,6258688,6258688,unavailable,6258688,6258688,7770112
librime-1.17.0,track-a-comparison,luna_pinyin,key_sequence_process_with_context,zybfshmsru,5,10,8612.700,861.270,16015360,16015360,unavailable,17137664,6258688,6258688,unavailable,6258688,6258688,7770112
librime-1.17.0,track-a-comparison,luna_pinyin,key_sequence_process_with_context,zybfshmsru,6,10,8635.000,863.500,16015360,16015360,unavailable,17137664,6258688,6258688,unavailable,6258688,6258688,7770112
librime-1.17.0,track-a-comparison,luna_pinyin,key_sequence_process_with_context,zybfshmsru,7,10,8598.900,859.890,16015360,16015360,unavailable,17137664,6258688,6258688,unavailable,6258688,6258688,7770112
librime-1.17.0,track-a-comparison,luna_pinyin,key_sequence_process_with_context,zybfshmsru,8,10,8627.000,862.700,16015360,16015360,unavailable,17137664,6258688,6258688,unavailable,6258688,6258688,7770112
librime-1.17.0,track-a-comparison,luna_pinyin,key_sequence_process_with_context,zybfshmsru,9,10,8590.600,859.060,16015360,16015360,unavailable,17137664,6258688,6258688,unavailable,6258688,6258688,7770112
librime-1.17.0,track-a-comparison,luna_pinyin,key_sequence_process_with_context,zybfshmsru,10,10,8609.900,860.990,16015360,16015360,unavailable,17137664,6258688,6258688,unavailable,6258688,6258688,7770112
librime-1.17.0,track-a-comparison,luna_pinyin,key_sequence_process_with_context,zybfshmsru,11,10,8627.200,862.720,16015360,16015360,unavailable,17137664,6258688,6258688,unavailable,6258688,6258688,7770112
librime-1.17.0,track-a-comparison,luna_pinyin,key_sequence_process_with_context,zybfshmsru,12,10,8609.800,860.980,16015360,16015360,unavailable,17137664,6258688,6258688,unavailable,6258688,6258688,7770112
librime-1.17.0,track-a-comparison,luna_pinyin,key_sequence_process_with_context,zybfshmsru,13,10,8608.400,860.840,16015360,16015360,unavailable,17137664,6258688,6258688,unavailable,6258688,6258688,7770112
librime-1.17.0,track-a-comparison,luna_pinyin,key_sequence_process_with_context,zybfshmsru,14,10,8584.600,858.460,16015360,16015360,unavailable,17137664,6258688,6258688,unavailable,6258688,6258688,7770112
librime-1.17.0,track-a-comparison,luna_pinyin,key_sequence_process_with_context,zybfshmsru,15,10,8616.100,861.610,16015360,16015360,unavailable,17137664,6258688,6258688,unavailable,6258688,6258688,7770112
librime-1.17.0,track-a-comparison,luna_pinyin,key_sequence_process_with_context,zybfshmsru,16,10,8590.400,859.040,16015360,16015360,unavailable,17137664,6258688,6258688,unavailable,6258688,6258688,7770112
librime-1.17.0,track-a-comparison,luna_pinyin,key_sequence_process_with_context,zybfshmsru,17,10,8940.100,894.010,16015360,16015360,unavailable,17137664,6258688,6258688,unavailable,6258688,6258688,7770112
librime-1.17.0,track-a-comparison,luna_pinyin,key_sequence_process_with_context,zybfshmsru,18,10,8538.700,853.870,16015360,16015360,unavailable,17137664,6258688,6258688,unavailable,6258688,6258688,7770112
librime-1.17.0,track-a-comparison,luna_pinyin,key_sequence_process_with_context,zybfshmsru,19,10,8545.100,854.510,16015360,16015360,unavailable,17137664,6258688,6258688,unavailable,6258688,6258688,7770112
librime-1.17.0,track-a-comparison,luna_pinyin,key_sequence_process_with_context,zybfshmsru,20,10,8535.700,853.570,16015360,16015360,unavailable,17137664,6258688,6258688,unavailable,6258688,6258688,7770112
librime-1.17.0,track-a-comparison,luna_pinyin,key_sequence_process_with_context,zybfshmsru,21,10,8520.300,852.030,16015360,16015360,unavailable,17137664,6258688,6258688,unavailable,6258688,6258688,7770112
librime-1.17.0,track-a-comparison,luna_pinyin,key_sequence_process_with_context,zybfshmsru,22,10,8539.500,853.950,16015360,16015360,unavailable,17137664,6258688,6258688,unavailable,6258688,6258688,7770112
librime-1.17.0,track-a-comparison,luna_pinyin,key_sequence_process_with_context,zybfshmsru,23,10,8783.000,878.300,16015360,16015360,unavailable,17137664,6258688,6258688,unavailable,6258688,6258688,7770112
librime-1.17.0,track-a-comparison,luna_pinyin,key_sequence_process_with_context,zybfshmsru,24,10,8594.700,859.470,16015360,16015360,unavailable,17137664,6258688,6258688,unavailable,6258688,6258688,7770112
librime-1.17.0,track-a-comparison,luna_pinyin,key_sequence_process_with_context,zybfshmsru,25,10,8542.700,854.270,16015360,16015360,unavailable,17137664,6258688,6258688,unavailable,6258688,6258688,7770112
librime-1.17.0,track-a-comparison,luna_pinyin,key_sequence_process_with_context,zybfshmsru,26,10,8563.400,856.340,16015360,16015360,unavailable,17137664,6258688,6258688,unavailable,6258688,6258688,7770112
librime-1.17.0,track-a-comparison,luna_pinyin,key_sequence_process_with_context,zybfshmsru,27,10,8563.200,856.320,16015360,16015360,unavailable,17137664,6258688,6258688,unavailable,6258688,6258688,7770112
librime-1.17.0,track-a-comparison,luna_pinyin,key_sequence_process_with_context,zybfshmsru,28,10,8572.200,857.220,16015360,16015360,unavailable,17137664,6258688,6258688,unavailable,6258688,6258688,7770112
librime-1.17.0,track-a-comparison,luna_pinyin,key_sequence_process_with_context,zybfshmsru,29,10,8829.700,882.970,16015360,16015360,unavailable,17137664,6258688,6258688,unavailable,6258688,6258688,7770112
librime-1.17.0,track-a-comparison,luna_pinyin,key_sequence_process_with_context,zybfshmsru,30,10,8571.500,857.150,16015360,16052224,unavailable,17137664,6258688,6303744,unavailable,6303744,6303744,7770112
librime-1.17.0,track-a-comparison,luna_pinyin,key_sequence_process_with_context,zybfshmsru,31,10,8567.300,856.730,16052224,16052224,unavailable,17137664,6303744,6303744,unavailable,6303744,6303744,7770112
librime-1.17.0,track-a-comparison,luna_pinyin,key_sequence_process_with_context,zybfshmsru,32,10,8572.400,857.240,16052224,16056320,unavailable,17137664,6303744,6303744,unavailable,6303744,6303744,7770112
librime-1.17.0,track-a-comparison,luna_pinyin,key_sequence_process_with_context,zybfshmsru,33,10,8618.900,861.890,16056320,16056320,unavailable,17137664,6303744,6303744,unavailable,6303744,6303744,7770112
librime-1.17.0,track-a-comparison,luna_pinyin,key_sequence_process_with_context,zybfshmsru,34,10,8595.800,859.580,16056320,16056320,unavailable,17137664,6303744,6303744,unavailable,6303744,6303744,7770112
librime-1.17.0,track-a-comparison,luna_pinyin,key_sequence_process_with_context,zybfshmsru,35,10,8571.200,857.120,16056320,16056320,unavailable,17137664,6303744,6303744,unavailable,6303744,6303744,7770112
librime-1.17.0,track-a-comparison,luna_pinyin,key_sequence_process_with_context,zybfshmsru,36,10,8568.400,856.840,16056320,16056320,unavailable,17137664,6303744,6303744,unavailable,6303744,6303744,7770112
librime-1.17.0,track-a-comparison,luna_pinyin,key_sequence_process_with_context,zybfshmsru,37,10,8560.700,856.070,16056320,16056320,unavailable,17137664,6303744,6303744,unavailable,6303744,6303744,7770112
librime-1.17.0,track-a-comparison,luna_pinyin,key_sequence_process_with_context,zybfshmsru,38,10,8572.800,857.280,16056320,16056320,unavailable,17137664,6303744,6303744,unavailable,6303744,6303744,7770112
librime-1.17.0,track-a-comparison,luna_pinyin,key_sequence_process_with_context,zybfshmsru,39,10,8588.700,858.870,16056320,16056320,unavailable,17137664,6303744,6303744,unavailable,6303744,6303744,7770112
librime-1.17.0,track-a-comparison,luna_pinyin,key_sequence_process_with_context,zybfshmsru,40,10,8597.900,859.790,16056320,16056320,unavailable,17137664,6303744,6303744,unavailable,6303744,6303744,7770112
librime-1.17.0,track-a-comparison,luna_pinyin,key_sequence_process_with_context,zybfshmsru,41,10,8615.900,861.590,16056320,16056320,unavailable,17137664,6303744,6303744,unavailable,6303744,6303744,7770112
librime-1.17.0,track-a-comparison,luna_pinyin,key_sequence_process_with_context,zybfshmsru,42,10,8594.200,859.420,16056320,16056320,unavailable,17137664,6303744,6303744,unavailable,6303744,6303744,7770112
librime-1.17.0,track-a-comparison,luna_pinyin,key_sequence_process_with_context,zybfshmsru,43,10,8648.900,864.890,16056320,16056320,unavailable,17137664,6303744,6303744,unavailable,6303744,6303744,7770112
librime-1.17.0,track-a-comparison,luna_pinyin,key_sequence_process_with_context,zybfshmsru,44,10,8615.200,861.520,16056320,16056320,unavailable,17137664,6303744,6303744,unavailable,6303744,6303744,7770112
librime-1.17.0,track-a-comparison,luna_pinyin,key_sequence_process_with_context,zybfshmsru,45,10,8594.400,859.440,16056320,16056320,unavailable,17137664,6303744,6303744,unavailable,6303744,6303744,7770112
librime-1.17.0,track-a-comparison,luna_pinyin,key_sequence_process_with_context,zybfshmsru,46,10,8644.500,864.450,16056320,16056320,unavailable,17137664,6303744,6303744,unavailable,6303744,6303744,7770112
librime-1.17.0,track-a-comparison,luna_pinyin,key_sequence_process_with_context,zybfshmsru,47,10,8623.400,862.340,16056320,16056320,unavailable,17137664,6303744,6303744,unavailable,6303744,6303744,7770112
librime-1.17.0,track-a-comparison,luna_pinyin,key_sequence_process_with_context,zybfshmsru,48,10,8597.300,859.730,16056320,16056320,unavailable,17137664,6303744,6303744,unavailable,6303744,6303744,7770112
librime-1.17.0,track-a-comparison,luna_pinyin,key_sequence_process_with_context,zybfshmsru,49,10,8588.900,858.890,16056320,16056320,unavailable,17137664,6303744,6303744,unavailable,6303744,6303744,7770112
librime-1.17.0,track-a-comparison,luna_pinyin,key_sequence_process_with_context,zybfshmsru,50,10,8596.100,859.610,16056320,16056320,unavailable,17137664,6303744,6303744,unavailable,6303744,6303744,7770112
librime-1.17.0,track-a-comparison,luna_pinyin,key_sequence_process_with_context,zybfshmsru,51,10,8597.700,859.770,16056320,16056320,unavailable,17137664,6303744,6303744,unavailable,6303744,6303744,7770112
librime-1.17.0,track-a-comparison,luna_pinyin,key_sequence_process_with_context,zybfshmsru,52,10,8587.000,858.700,16056320,16056320,unavailable,17137664,6303744,6303744,unavailable,6303744,6303744,7770112
librime-1.17.0,track-a-comparison,luna_pinyin,key_sequence_process_with_context,zybfshmsru,53,10,8608.200,860.820,16056320,16056320,unavailable,17137664,6303744,6303744,unavailable,6303744,6303744,7770112
librime-1.17.0,track-a-comparison,luna_pinyin,key_sequence_process_with_context,zybfshmsru,54,10,8604.600,860.460,16056320,16056320,unavailable,17137664,6303744,6303744,unavailable,6303744,6303744,7770112
librime-1.17.0,track-a-comparison,luna_pinyin,key_sequence_process_with_context,zybfshmsru,55,10,8598.900,859.890,16056320,16056320,unavailable,17137664,6303744,6303744,unavailable,6303744,6303744,7770112
librime-1.17.0,track-a-comparison,luna_pinyin,key_sequence_process_with_context,zybfshmsru,56,10,8609.000,860.900,16056320,16056320,unavailable,17137664,6303744,6303744,unavailable,6303744,6303744,7770112
librime-1.17.0,track-a-comparison,luna_pinyin,key_sequence_process_with_context,zybfshmsru,57,10,8641.000,864.100,16056320,16056320,unavailable,17137664,6303744,6303744,unavailable,6303744,6303744,7770112
librime-1.17.0,track-a-comparison,luna_pinyin,key_sequence_process_with_context,zybfshmsru,58,10,8604.300,860.430,16056320,16056320,unavailable,17137664,6303744,6303744,unavailable,6303744,6303744,7770112
librime-1.17.0,track-a-comparison,luna_pinyin,key_sequence_process_with_context,zybfshmsru,59,10,8595.900,859.590,16056320,16056320,unavailable,17137664,6303744,6303744,unavailable,6303744,6303744,7770112
librime-1.17.0,track-a-comparison,luna_pinyin,key_sequence_process_with_context,zybfshmsru,60,10,8576.200,857.620,16056320,16056320,unavailable,17137664,6303744,6303744,unavailable,6303744,6303744,7770112
librime-1.17.0,track-a-comparison,luna_pinyin,key_sequence_process_with_context,zybfshmsru,61,10,8619.900,861.990,16056320,16097280,unavailable,17137664,6303744,6365184,unavailable,6365184,6365184,7770112
librime-1.17.0,track-a-comparison,luna_pinyin,key_sequence_process_with_context,zybfshmsru,62,10,8572.900,857.290,16097280,16097280,unavailable,17137664,6365184,6365184,unavailable,6365184,6365184,7770112
librime-1.17.0,track-a-comparison,luna_pinyin,key_sequence_process_with_context,zybfshmsru,63,10,8593.200,859.320,16097280,16097280,unavailable,17137664,6365184,6365184,unavailable,6365184,6365184,7770112
librime-1.17.0,track-a-comparison,luna_pinyin,key_sequence_process_with_context,zybfshmsru,64,10,8606.100,860.610,16097280,16097280,unavailable,17137664,6365184,6365184,unavailable,6365184,6365184,7770112
librime-1.17.0,track-a-comparison,luna_pinyin,key_sequence_process_with_context,zybfshmsru,65,10,8598.700,859.870,16097280,16097280,unavailable,17137664,6365184,6365184,unavailable,6365184,6365184,7770112
librime-1.17.0,track-a-comparison,luna_pinyin,key_sequence_process_with_context,zybfshmsru,66,10,8594.600,859.460,16097280,16097280,unavailable,17137664,6365184,6365184,unavailable,6365184,6365184,7770112
librime-1.17.0,track-a-comparison,luna_pinyin,key_sequence_process_with_context,zybfshmsru,67,10,8604.300,860.430,16097280,16097280,unavailable,17137664,6365184,6365184,unavailable,6365184,6365184,7770112
librime-1.17.0,track-a-comparison,luna_pinyin,key_sequence_process_with_context,zybfshmsru,68,10,8608.200,860.820,16097280,16097280,unavailable,17137664,6365184,6365184,unavailable,6365184,6365184,7770112
librime-1.17.0,track-a-comparison,luna_pinyin,key_sequence_process_with_context,zybfshmsru,69,10,8615.000,861.500,16097280,16097280,unavailable,17137664,6365184,6365184,unavailable,6365184,6365184,7770112
librime-1.17.0,track-a-comparison,luna_pinyin,key_sequence_process_with_context,zybfshmsru,70,10,8643.900,864.390,16097280,16097280,unavailable,17137664,6365184,6365184,unavailable,6365184,6365184,7770112
librime-1.17.0,track-a-comparison,luna_pinyin,key_sequence_process_with_context,zybfshmsru,71,10,8626.500,862.650,16097280,16097280,unavailable,17137664,6365184,6365184,unavailable,6365184,6365184,7770112
librime-1.17.0,track-a-comparison,luna_pinyin,key_sequence_process_with_context,zybfshmsru,72,10,8603.400,860.340,16097280,16097280,unavailable,17137664,6365184,6365184,unavailable,6365184,6365184,7770112
librime-1.17.0,track-a-comparison,luna_pinyin,key_sequence_process_with_context,zybfshmsru,73,10,8611.200,861.120,16097280,16097280,unavailable,17137664,6365184,6365184,unavailable,6365184,6365184,7770112
librime-1.17.0,track-a-comparison,luna_pinyin,key_sequence_process_with_context,zybfshmsru,74,10,8614.900,861.490,16097280,16097280,unavailable,17137664,6365184,6365184,unavailable,6365184,6365184,7770112
librime-1.17.0,track-a-comparison,luna_pinyin,key_sequence_process_with_context,zybfshmsru,75,10,8597.900,859.790,16097280,16097280,unavailable,17137664,6365184,6365184,unavailable,6365184,6365184,7770112
librime-1.17.0,track-a-comparison,luna_pinyin,key_sequence_process_with_context,zybfshmsru,76,10,8601.500,860.150,16097280,16097280,unavailable,17137664,6365184,6365184,unavailable,6365184,6365184,7770112
librime-1.17.0,track-a-comparison,luna_pinyin,key_sequence_process_with_context,zybfshmsru,77,10,8600.200,860.020,16097280,16097280,unavailable,17137664,6365184,6365184,unavailable,6365184,6365184,7770112
librime-1.17.0,track-a-comparison,luna_pinyin,key_sequence_process_with_context,zybfshmsru,78,10,8605.800,860.580,16097280,16097280,unavailable,17137664,6365184,6365184,unavailable,6365184,6365184,7770112
librime-1.17.0,track-a-comparison,luna_pinyin,key_sequence_process_with_context,zybfshmsru,79,10,8599.000,859.900,16097280,16097280,unavailable,17137664,6365184,6365184,unavailable,6365184,6365184,7770112
